Bcru CTP1 CTP2 CTP3 CTP4 CTP5 BDp1_fin BDp2_fin BDp3_fin BDp4_fin BDp5_fin
14071.7 0.00115397 630.376 440.942 370.922 238.378 20503.7 12897.2 14477.3 15170.9 16701
14071.7 0.00115397 630.376 440.942 370.922 238.378 20503.7 12897.2 14477.3 15170.9 16701
14071.7 0.00115397 630.376 440.942 370.922 238.378 20503.7 12897.2 14477.3 15170.9 16701
14071.7 0.00115397 630.376 440.942 370.922 238.378 20503.7 12897.2 14477.3 15170.9 16701
14071.7 0.00115397 630.376 440.942 370.922 238.378 20503.7 12897.2 14477.3 15170.9 16701
14071.7 0.00115397 630.376 440.942 370.922 238.378 20503.7 12897.2 14477.3 15170.9 16701
17028.6 0.00142845 777.561 544.528 458.244 294.714 21039 13233.7 14855.1 15566.7 17136.8
21218.4 0.00179535 975.6 683.602 575.396 370.191 21858.5 13749 15433.3 16172.7 17803.7
17922.6 0.00150694 819.946 574.289 483.313 310.864 21228.9 13353.2 14989.1 15707.2 17291.3
17437.4 0.00145554 793.368 555.354 467.284 300.444 21466.5 13502.6 15156.8 15882.9 17484.8
18106.7 0.00152573 832.297 582.452 490.039 315.022 21700 13648.8 15321.1 16055.1 17674.5
19914.8 0.00171657 936.351 655.283 551.318 354.419 21988.8 13828.7 15523.4 16267.2 17908.4
18399.6 0.00159109 870.901 608.792 512 328.907 22202 13961 15672.4 16423.6 18081
18895.3 0.00166343 910.176 636.321 535.174 343.819 22325 14037.1 15758.2 16513.7 18180.5
19129.4 0.00172274 942.717 659.05 554.285 356.089 22552.5 14177.9 15916.9 16680.3 18364.5
18313.7 0.00166824 914.228 638.829 537.188 345.001 22776.6 14316.5 16073.2 16844.4 18545.8
17970.3 0.00168398 923.233 645.035 542.381 348.306 23052.4 14486.9 16265.5 17046.2 18768.8
18054.8 0.00177795 974.162 680.751 572.453 367.664 23469.7 14744.6 16556.2 17351.5 19106.1
17367.1 0.00177725 974.252 680.705 572.383 367.582 23877.1 14996.5 16840.5 17649.9 19435.7
16476 0.00178521 978.943 683.908 575.053 369.271 24438.5 15344 17232.4 18061.3 19890.1
16394.5 0.00190313 1042.32 728.476 612.614 393.492 25081.6 15743.3 17682.3 18533.4 20411.2
14677 0.0017818 977.784 682.935 574.188 368.659 25797.3 16190.6 18185.3 19061 20992.8
14599 0.00188349 1032.48 721.39 606.593 389.552 26468.6 16611.9 18658.5 19556.9 21539
14041.4 0.00194009 1063.24 742.946 624.737 401.225 27364.5 17177.7 19292.9 20221.4 22269.9
13839.8 0.00193495 1060.62 741.069 623.146 400.188 27584.6 17317.3 19449.2 20385.1 22449.8
13853.5 0.00198158 1085.73 758.713 638.013 409.771 27960.6 17556 19716.5 20664.8 22757.2
13615.2 0.00196697 1078.03 753.266 633.411 406.791 28229.8 17727 19907.9 20865.3 22977.4
13437.3 0.0019688 1079.1 753.999 634.023 407.179 28585 17952.5 20160.4 21129.6 23267.8
13383.9 0.00200117 1096.41 766.188 644.302 413.815 29071.4 18260.3 20505.3 21490.8 23665
13180 0.00198284 1086.55 759.259 638.463 410.049 29336.8 18427.8 20693.3 21687.7 23881.6
13221.7 0.00200642 1099.01 768.072 645.904 414.865 29721.5 18669.7 20964.9 21972.3 24195
13099.4 0.00198827 1089.23 761.2 640.115 411.134 29933.8 18802.9 21114.6 22129.3 24367.9
13092.7 0.00199218 1091.24 762.631 641.327 411.924 30292.5 19027.7 21367.2 22394.1 24659.7
13009.8 0.00198219 1085.86 758.854 638.144 409.871 30880.4 19396.1 21781.3 22828.3 25138.1
13192.6 0.00201181 1101.87 770.088 647.607 415.966 31740.1 19934.6 22386.7 23463 25837.4
13193 0.00199538 1093.42 764.059 642.5 412.643 32879.2 20648.5 23189 24304.2 26764.2
13429 0.00200514 1099.2 768 645.785 414.718 34383.9 21592.1 24249.3 25415.7 27988.7
13848.3 0.00203389 1115.46 779.244 655.206 420.729 36778.5 23094.9 25937.6 27185.3 29937.8
14684.3 0.00211384 1159.29 809.868 680.956 437.266 40306.8 25310.3 28425.9 29793.5 32810.2
15167.1 0.00213036 1168.92 816.465 686.464 440.758 43933.7 27588.7 30984.7 32475.3 35763.4
15463.1 0.0021354 1171.83 818.462 688.133 441.818 46782.6 29378.4 32994.5 34581.7 38082.9
15267.1 0.002132 1169.86 817.113 687.006 441.102 44893.2 28191.5 31661.6 33184.7 36544.6
15258.7 0.00212051 1163.75 812.799 683.366 438.75 45743.9 28725.7 32261.5 33813.5 37237.1
15361 0.002141 1174.74 820.534 689.886 442.956 46083.5 28938.7 32500.9 34064.4 37513.4
15268.1 0.00211955 1163.37 812.498 683.103 438.57 46462.4 29176.7 32768.1 34344.5 37821.8
15362.3 0.00213286 1170.67 817.601 687.394 441.325 46791.4 29383.6 33000.4 34587.9 38089.8
15427.4 0.00213764 1173.44 819.501 688.981 442.332 47017.3 29526 33160.2 34755.3 38274
15500.8 0.00214065 1175.3 820.751 690.018 442.982 47278.6 29691 33345.2 34949.1 38487.2
15645.2 0.00215339 1182.33 825.655 694.138 445.624 47668.1 29936.7 33620.8 35237.8 38804.8
15702.6 0.00214065 1175.41 820.804 690.055 442.997 48232.1 30291.8 34019.3 35655.4 39264.5
15872.9 0.00214841 1179.08 823.502 692.363 444.525 49083.4 30826.8 34620.1 36285.1 39957.9
16074.6 0.00215576 1182.34 825.953 694.475 445.942 50218.9 31541 35421.9 37125.4 40883
16595.2 0.0022096 1210.99 846.166 711.53 456.963 51440.2 32311.2 36285.8 38030.4 41878.7
17711.7 0.00237919 1302.89 910.621 765.8 491.899 52653.7 33081.8 37148.1 38932.9 42870.3
19715.7 0.00279187 1526.42 1067.42 897.826 576.897 53583.6 33676.5 37811.8 39627 43631.6
21851.3 0.00333237 1818 1272.22 1070.35 688.065 54088.8 33999.4 38172 40003.7 44044.5
23969.6 0.00397229 2163 1514.59 1274.55 819.653 54641.7 34351.8 38565.3 40415 44495.8
26972.8 0.00496881 2698.57 1891.24 1591.98 1024.35 55305.3 34771.8 39034.9 40906.4 45035.7
27944.3 0.00516647 2806.53 1966.75 1655.5 1065.17 55824.1 35096.4 39399.2 41288.2 45456.3
28861.2 0.00519219 2823.15 1977.79 1664.61 1070.83 56182.5 35316.2 39647.2 41548.5 45744.1
29077.2 0.00498275 2709.96 1898.33 1597.69 1027.72 56550.7 35542.2 39902.4 41816.6 46040.6
27556.5 0.00470677 2552.39 1789.67 1506.74 969.808 56473.2 35494.8 39850.2 41762.2 45980.8
26359.3 0.00463689 2505.44 1758.84 1481.4 954.215 56058.4 35230 39556 41454.9 45644.3
26858.1 0.00491495 2649.87 1861.58 1568.33 1010.67 55498 34856.6 39145 41027.4 45179.7
27892.2 0.00512925 2767.83 1943.9 1637.52 1055.06 55397.3 34773.5 39058.3 40939 45087.7
30931.8 0.00548085 2972.05 2083.98 1754.53 1129.3 55599.1 34874.9 39179.4 41068.9 45237.2
28988.6 0.00525963 2843.37 1995.75 1680.84 1082.57 55483.7 34816.7 39110 40994.5 45151.7
31568.8 0.00548149 2975.97 2085.9 1755.91 1129.91 55715.5 34950.2 39262.8 41155.8 45332
30056.2 0.00534993 2897.47 2032.5 1711.44 1101.85 55591.7 34878.7 39181.1 41069.6 45235.8
31648.2 0.00550225 2987.36 2093.85 1762.59 1134.2 55796.3 35002.7 39320.8 41216.2 45398
32409.1 0.00558577 3035.84 2127.1 1790.37 1151.83 55904.6 35068.7 39394.9 41293.9 45483.8
33082 0.00565359 3075.46 2154.22 1813.01 1166.18 56056.4 35160.2 39497.8 41402 45603.4
32953.4 0.00566658 3082.31 2159.06 1817.1 1168.82 56240.3 35272 39623.5 41533.8 45749.2
33025.3 0.00565772 3077.59 2155.74 1814.3 1167.01 56124.8 35201.5 39544.4 41450.9 45657.6
33245.5 0.00574557 3124.96 2189.02 1842.34 1185.08 56267.5 35291.3 39644.9 41556.2 45773.4
33106.6 0.0056913 3095.69 2168.46 1825.01 1173.92 56180.2 35236.4 39583.5 41491.8 45702.6
33239.3 0.00570514 3104.19 2174.19 1829.77 1176.9 56260.3 35286.2 39639.4 41550.4 45767.3
33602.8 0.00579042 3151.07 2206.91 1857.28 1194.56 56361.5 35344.7 39706.2 41620.9 45846.2
33651.2 0.00579251 3152.43 2207.81 1858.02 1195.01 56512 35426.9 39801 41721.6 45960.1
33839 0.00584937 3182.79 2229.19 1876.05 1206.66 56796.8 35561.8 39961.8 41894.5 46161.7
33732.6 0.00582686 3168.25 2219.46 1868.01 1201.67 57316.5 35616.4 40081.9 42048.3 46400.9
33791.9 0.00583458 3174.68 2223.51 1871.27 1203.59 56907 35591 40003.2 41942 46224.3
33824.9 0.00587424 3195.02 2238.02 1883.56 1211.6 57033.7 35592.3 40021.7 41969.5 46274.8
33752.2 0.00594549 3229.65 2263.17 1905 1225.71 57281.2 35533.8 40002.6 41971.5 46331.8
33093 0.00605731 3276.08 2298.82 1935.96 1246.77 57785 35346.9 39901.5 41916.9 46400.3
33550.9 0.00597901 3243.64 2273.89 1914.31 1232.04 57447 35493.7 39988.9 41971.9 46369.1
33373.8 0.00598489 3244.42 2274.98 1915.38 1232.92 57668.6 35598.2 40113.9 42106.5 46526.3
33314.4 0.0059779 3240.69 2272.35 1913.17 1231.49 57805.1 35696 40221 42217.5 46645.5
33450.4 0.00600268 3255.54 2282.45 1921.58 1236.79 58038 35889.8 40427.8 42429.2 46866.4
33673.2 0.00604285 3278.54 2298.31 1934.85 1245.24 58278 36083.8 40635.8 42642.6 47090.2
33838.9 0.0060667 3291.9 2307.58 1942.63 1250.21 58403 36182.6 40742.5 42752.4 47205.9
34118.4 0.00609285 3306.99 2317.96 1951.3 1255.72 58581.5 36314 40886.2 42901.2 47364.8
34715.7 0.00613206 3331.51 2334.41 1964.93 1264.23 58877.9 36516 41109.8 43134 47617.1
34441.4 0.00611394 3320.2 2326.82 1958.64 1260.3 58743.7 36424.4 41008.5 43028.5 47502.8
34670.4 0.00613117 3330.83 2333.98 1964.58 1264.02 58886.1 36513.7 41108.6 43133.4 47618.3
34532.3 0.00612076 3324.41 2329.65 1960.99 1261.78 58800.8 36460.2 41048.6 43070.5 47549.1
34545.4 0.00613154 3329.94 2333.6 1964.33 1263.95 58840 36486.5 41077.7 43100.8 47582
34524.9 0.00613578 3332.01 2335.11 1965.62 1264.8 58866.2 36510.6 41103.1 43126.7 47608.5
34635 0.00613837 3334.52 2336.61 1966.81 1265.48 58856.2 36510.3 41101.5 43124.3 47604.4
34579.8 0.00613695 3333.2 2335.81 1966.18 1265.11 58861.1 36510.4 41102.3 43125.5 47606.4
34626.1 0.00614016 3335.24 2337.18 1967.31 1265.81 58853.7 36504 41095.5 43118.5 47599.2
34700.6 0.00614487 3338.09 2339.1 1968.91 1266.82 58821.2 36479.5 41068.9 43091.1 47570
34777.4 0.00614803 3340.05 2340.42 1970 1267.51 58754.4 36429.9 41015 43035.4 47510.7
35609.5 0.0061852 3362.97 2355.83 1982.78 1275.52 58111.7 35950.8 40494.4 42497.7 46938
35153.1 0.00618817 3361.76 2355.6 1982.78 1275.74 57379 35393.4 39889.9 41874.2 46276.3
34461.3 0.00628096 3406.67 2388.29 2010.66 1294.11 56200 34492.4 38912.2 40865.7 45206.7
34218.3 0.00655451 3548.43 2489.08 2095.94 1349.53 54015.6 32801.7 37081.4 38979.1 43210.1
34378.8 0.00702941 3790.69 2662.16 2242.67 1445.2 51217.3 30592.6 34694.6 36522.5 40618.5
34215.4 0.00678455 3665.28 2572.69 2166.86 1395.81 52550.1 31651.9 35838.4 37699.3 41858.7
34221.8 0.00703941 3795.73 2665.8 2245.76 1447.21 51088.9 30520 34610.7 36433.6 40518.6
33602.7 0.00711325 3831.15 2691.71 2267.89 1461.82 50570.1 30170.7 34221.6 36027.8 40077.6
33864.2 0.00706591 3807.59 2674.7 2253.42 1452.35 50846.6 30357 34429.1 36244.3 40312.9
32551.5 0.00694356 3732.17 2623.88 2211.25 1425.92 50642.5 30215.3 34271 36079.4 40134.6
33388.8 0.00702144 3780.21 2656.25 2238.11 1442.75 50775.7 30307.9 34374.2 36187.1 40251
33230.5 0.007009 3771.71 2650.67 2233.53 1439.94 50707.7 30260.7 34321.6 36132.2 40191.6
33473.9 0.00705172 3795.75 2667.32 2247.49 1448.85 50633.7 30208.2 34263.9 36072.3 40127.1
33622.7 0.00708589 3815.47 2680.87 2258.82 1456.05 50524.5 30129.1 34177.8 35983.2 40031.7
33178 0.00703695 3786.58 2661.16 2242.38 1445.66 50476.9 30101.3 34146.2 35949.9 39994.5
33393.1 0.00707083 3805.25 2674.17 2253.31 1452.67 50453.7 30093.4 34135.1 35937.4 39978.9
33694.2 0.00711718 3831.73 2692.43 2268.6 1462.4 50426.5 30084.5 34123.1 35924 39962
33723.4 0.00713158 3839.65 2697.96 2273.25 1465.39 50378.2 30069 34102.4 35900.8 39932.7
34017 0.00727647 3919.36 2753.64 2320.05 1495.42 49896.9 29910.8 33893.7 35667.4 39639.2
33340 0.00725884 3906.73 2745.52 2313.43 1491.4 49314.2 29665.3 33592.6 35339.8 39248
33373.1 0.00732601 3948.3 2773.56 2336.69 1505.96 48443.3 29286.8 33133.3 34841.7 38657
33070.3 0.00747264 4025.56 2828.27 2382.91 1535.89 47736.9 28922.5 32707.4 34387.3 38136.4
34638.9 0.0078284 4226.45 2967.32 2499.44 1610.26 47008 28622.6 32333.6 33978.5 37645
33536.4 0.00758151 4086.93 2870.78 2418.54 1558.63 47505.6 28829.1 32590.4 34259.1 37981.6
33668.7 0.00763593 4117.32 2891.9 2436.26 1569.97 47285.6 28745.6 32484.6 34142.6 37839.3
31928 0.00754359 4061.29 2854.12 2404.88 1550.24 46712.9 28573.6 32250.7 33878.5 37501.4
33418.8 0.0076189 4107.01 2884.93 2430.47 1566.33 47233.9 28730.4 32463.9 34119.2 37809.2
32700.5 0.00756116 4069.94 2860.26 2410.09 1553.67 47137.1 28664.3 32391.1 34043.7 37727.8
33140.5 0.00759616 4092.45 2875.23 2422.46 1561.35 47197.3 28705.5 32436.5 34090.7 37778.5
33162.2 0.00760208 4095.39 2877.36 2424.26 1562.53 47186.6 28695.3 32425.9 34080 37767.6
33159 0.00761377 4101.29 2881.59 2427.86 1564.88 47185.4 28686.3 32417.7 34072.3 37761.3
33163.2 0.00773706 4163.92 2926.44 2465.9 1589.7 47175.1 28595.7 32334.9 33994.3 37697.2
33037.1 0.00784248 4216.24 2964.17 2497.99 1610.74 47174.5 28477 32226.7 33892.8 37615.1
33815.3 0.0081543 4374.06 3077.14 2593.83 1673.34 47621.8 28556 32352.5 34043.1 37829.4
32955.1 0.00784916 4217.76 2965.69 2499.41 1611.82 47192.9 28467.5 32220.1 33887.9 37614.9
32936.3 0.00784681 4216.47 2964.79 2498.65 1611.34 47160.8 28432 32183.6 33851.2 37578.4
32950.5 0.00784842 4217.36 2965.41 2499.17 1611.67 47183.7 28457.4 32209.8 33877.5 37604.5
32926.6 0.00785279 4219.52 2966.97 2500.5 1612.54 47168.3 28447.2 32198.5 33865.7 37591.7
32939.5 0.00786322 4224.96 2970.83 2503.76 1614.66 47135.3 28423.8 32172.7 33839 37562.9
32916.7 0.00787417 4230.48 2974.8 2507.13 1616.86 47083.9 28389.9 32134.9 33799.5 37519.9
32694.2 0.00798528 4286.58 3015.06 2541.31 1639.19 46575.4 28053.8 31760.9 33409.1 37094.2
32415.9 0.00821628 4406.74 3100.45 2613.54 1686.09 45529.2 27342.5 30974.1 32590 36205.9
31935.1 0.00852673 4563.87 3213.12 2709.15 1748.52 44255.6 26498.3 30035 31610.2 35137.9
31452.9 0.00896609 4788.27 3373.53 2845.12 1837.14 42608 25395.5 28810.8 30333.8 33749.4
31338.6 0.00907009 4840.06 3410.86 2876.86 1857.93 42283.7 25154.8 28548.3 30062.4 33459.9
31442.7 0.00897649 4793.45 3377.26 2848.3 1839.22 42575.2 25371.2 28784.2 30306.3 33720.1
31433.7 0.00898263 4796.37 3379.4 2850.12 1840.43 42560.2 25357.7 28769.9 30291.8 33705.1
31421.2 0.00899043 4800.06 3382.1 2852.44 1841.96 42546.1 25342.2 28754 30275.7 33689
31296 0.0090691 4837.15 3409.33 2875.72 1857.39 42405.5 25187.1 28593.8 30114.4 33528.2
31020.5 0.00923902 4916.9 3467.94 2925.9 1890.67 42110 24856.3 28252.6 29771.3 33186.8
30650 0.00953612 5058.08 3571.26 3014.21 1949.1 41334.7 24165.9 27519.5 29023 32413.4
30877.5 0.00935053 4969.98 3506.77 2959.07 1912.62 41812.6 24592.5 27972.4 29485.2 32890.9
30906.4 0.00932768 4959.11 3498.82 2952.28 1908.12 41872.9 24646.1 28029.3 29543.3 32951
30735.1 0.00947441 5029.16 3550 2996 1937.02 41458.3 24291.6 27650.7 29155.7 32547.6
30413.5 0.00978084 5173.95 3656.15 3086.79 1997.17 40713.8 23618.1 26937 28427.9 31797.3
29954.2 0.0102567 5397.08 3820.14 3227.16 2090.3 39647.6 22639.2 25901.3 27372.5 30711.7
29597 0.0107978 5658.51 4010.38 3389.46 2197.31 38273 21618.9 24787.2 26219.9 29480.7
29296.6 0.0115165 5995.48 4257.97 3601.39 2337.94 37202.9 20570.4 23686.9 25103.2 28343.5
29197.2 0.0122071 6320.2 4496.3 3805.33 2473.17 36560.7 19880.1 22971.1 24380.8 27618.1
28792.3 0.0128122 6578.68 4692.27 3974.89 2587.88 35714.2 18828.6 21898.3 23306.8 26562.3
27980 0.0134973 6830.03 4893.58 4152.23 2711.64 35097.5 17361 20473.6 21917.9 25295.8
28384.4 0.0131534 6705.06 4793.15 4063.66 2649.71 35410.9 18111.6 21202.2 22628.1 25943.4
28033 0.0137106 6926.56 4965.18 4213.76 2752.77 35360.8 17272.9 20426.2 21892.5 25329.3
27864.7 0.0145486 7267.6 5227.6 4442.05 2908.79 35748 16222.9 19512.6 21059.2 24725.4
28144.4 0.0154687 7675.35 5532.14 4704.36 3084.93 36513.3 15586.3 19023.4 20653.3 24549
28341.3 0.0161585 7983.75 5761.69 4901.86 3217.31 37924.8 15346.1 18979 20714.1 24889.4
28357.4 0.0161959 8006.07 5776.86 4914.51 3225.29 38393.9 15517.7 19196.5 20953.9 25183.4
28320.2 0.0166343 8217.28 5930.39 5045.48 3311.72 39094.6 15599 19358.4 21157.5 25494.7
27300.1 0.0169373 8348.38 6028.96 5130.61 3369.17 40359.9 15588.1 19503.7 21385.8 25941.4
25804.4 0.0164511 8105.31 5854.04 4981.97 3271.86 42337.8 16091.5 20215.1 22201.6 27019.7
26606 0.0167153 8237.15 5948.97 5062.65 3324.7 41259.3 15818 19828.1 21757.7 26432.5
26329.6 0.0167124 8242.76 5951.44 5064.26 3325.17 42169.7 16361.8 20446.9 22409.5 27157.7
26422.7 0.0171132 8432.83 6090.4 5183.04 3403.79 42543.3 16456.6 20581.6 22564.1 27362.1
26496.7 0.0181823 8930.96 6456.56 5496.63 3612.17 43367.7 16222.9 20464.9 22512.5 27487.3
26502.9 0.019218 9415.92 6812.43 5801.23 3814.36 45043.8 16382.6 20817.8 22966.5 28203.9
26547 0.0207555 10145 7345.28 6256.66 4115.88 48243.4 17024.3 21804.4 24129.4 29816.7
26625.9 0.02083 10181.6 7371.88 6279.32 4130.75 48529 17387.4 22180.1 24506.7 30188.3
26761.9 0.0205621 10057.5 7280.49 6201 4078.66 48385.3 17526.5 22294.3 24605.5 30241.8
27024.3 0.020825 10183.8 7372.39 6279.43 4130.43 48445.9 17444.3 22224.8 24543.8 30202.8
27046.1 0.0207786 10165.4 7358.03 6266.89 4121.83 49099.7 17688.2 22533.1 24883 30617.3
27197.8 0.0207833 10168.2 7360.03 6268.57 4122.89 50084.2 18201.8 23133.3 25522.7 31347.8
27818.1 0.0209864 10270.9 7433.72 6331.11 4163.73 50410.2 18565.4 23509.3 25901.2 31725.3
27927.7 0.0211143 10332.1 7478.31 6369.18 4188.88 50460.7 18549.1 23499.2 25895 31729.8
27888.3 0.0211211 10334.4 7480.14 6370.8 4190.04 50645.5 18532.4 23504.7 25912.7 31781
27853.8 0.0210918 10312.3 7465.83 6359.15 4183.04 50783.4 18467.6 23455.9 25874.3 31773.7
27880.7 0.021105 10318 7470.12 6362.86 4185.54 50840.6 18474 23468.3 25889.8 31797.8
27921.9 0.0211747 10350.1 7493.78 6383.14 4199.06 50983.1 18481.4 23490.7 25920.5 31850.8
27842.1 0.0211007 10309.7 7465.42 6359.27 4183.72 51135.1 18485.6 23507.5 25945 31898.1
27792.1 0.0212653 10372 7514.49 6402.31 4213.58 51848.7 18462.8 23556.2 26035.4 32106.3
27804.1 0.0213665 10413.4 7546.21 6429.88 4232.41 51393.8 18206.4 23252.6 25711.6 31739.3
27872.9 0.0215513 10494.3 7606.88 6482.21 4267.63 51353.7 18088.7 23130.7 25590.3 31625.8
27736.8 0.0216352 10518.1 7627.87 6501.28 4281.65 51393.7 17958.1 22995.1 25457.3 31511
27623.9 0.021971 10639.4 7725.16 6587.1 4341.76 51447.1 17597 22623.3 25092.5 31192.1
26969.2 0.0223491 10757.8 7825.55 6677.2 4406.7 51464.4 16737.4 21751.5 24240.5 30445.5
27323.9 0.0226974 10932.6 7951.05 6783.78 4476.42 51394.6 16704.3 21718.2 24206.3 30406.7
26916.3 0.0221109 10673.9 7757.49 6616.96 4364.3 51157.3 16874.1 21868.7 24339.7 30481.7
27393.9 0.0226995 10953.1 7961.56 6791.38 4479.76 51253.5 16845.1 21851.7 24329.8 30492.1
27437.9 0.0229654 11073 8050.58 6867.91 4530.97 51412.8 16748 21772.9 24263.7 30465.3
27371.4 0.0229787 11076.8 8053.94 6870.95 4533.2 51293.9 16641.2 21653.6 24140.3 30335.8
27351.5 0.0230673 11119.9 8085.12 6897.52 4550.7 51124.7 16528.8 21524.5 24004.5 30186.7
27347.6 0.0230726 11122.9 8087.2 6899.27 4551.81 51220.5 16562.2 21568.3 24053.2 30247.2
27376.6 0.023171 11168.2 8120.67 6927.97 4570.93 51305.1 16584.6 21600.3 24089.9 30295.3
27358.5 0.0231687 11166.8 8119.73 6927.19 4570.43 51423.6 16607.8 21635.7 24131.6 30353.6
27364.2 0.0231903 11177.3 8127.31 6933.65 4574.69 51540.3 16633.9 21673.2 24175.2 30412.8
27341.8 0.0232237 11192.4 8138.52 6943.28 4581.14 51647.6 16663.4 21713.7 24221.1 30472.5
27343.7 0.023219 11189.9 8136.8 6941.83 4580.19 51645.3 16664.6 21714.9 24222.2 30473.2
27343.2 0.0232188 11189.3 8136.46 6941.57 4580.07 51637.3 16657.8 21707.3 24214.4 30464.9
27341.4 0.0232389 11199.1 8143.54 6947.61 4584.04 51620.4 16648.4 21696.4 24202.9 30452
27337.6 0.0232514 11205.3 8148.03 6951.42 4586.54 51597.9 16637.1 21683.3 24188.8 30435.9
27325.1 0.023253 11206 8148.57 6951.89 4586.86 51580.6 16627.2 21672 24177 30422.6
27333 0.0232694 11213.7 8154.19 6956.7 4590.05 51579.4 16622.9 21667.7 24172.7 30418.7
27341.2 0.0232761 11216.7 8156.44 6958.64 4591.35 51579.6 16620.8 21665.6 24170.6 30416.9
27345 0.023282 11219.4 8158.41 6960.33 4592.47 51586 16622.6 21668 24173.4 30420.5
27368 0.0233032 11229.5 8165.82 6966.65 4596.66 51601 16630.5 21677.3 24183.3 30431.8
27354.8 0.0232797 11218.4 8157.68 6959.69 4592.05 51620.7 16640.9 21689.4 24196.3 30446.6
27358.3 0.0232846 11220.8 8159.42 6961.18 4593.02 51621.3 16642.6 21691.2 24198 30448.1
27356.9 0.0232799 11218.8 8157.89 6959.86 4592.13 51613.6 16641.7 21689.5 24195.9 30444.9
27355.8 0.0232786 11218.2 8157.46 6959.49 4591.88 51609.3 16640.8 21688.2 24194.3 30442.7
27356.5 0.0232795 11218.6 8157.75 6959.74 4592.05 51612.2 16641.4 21689.1 24195.4 30444.2
27356.4 0.0232794 11218.6 8157.72 6959.71 4592.03 51612.1 16641.4 21689 24195.3 30444.1
27355.6 0.0232785 11218.1 8157.4 6959.44 4591.85 51610.7 16641 21688.5 24194.7 30443.3
27353.3 0.0232761 11217 8156.56 6958.72 4591.38 51606.5 16639.4 21686.5 24192.5 30440.7
27347 0.0232695 11213.7 8154.22 6956.73 4590.07 51594.7 16635.8 21681.7 24187.1 30433.8
27344.4 0.0232657 11212 8152.95 6955.64 4589.34 51586.2 16632.3 21677.4 24182.4 30428.2
27344.9 0.0232664 11212.3 8153.16 6955.82 4589.47 51587.1 16632.9 21678.1 24183.2 30429
27343.8 0.0232653 11211.7 8152.77 6955.49 4589.25 51586.7 16632.9 21678.1 24183.1 30428.9
27343.8 0.0232649 11211.6 8152.64 6955.38 4589.17 51584.8 16632.5 21677.4 24182.4 30427.9
27343.9 0.0232652 11211.7 8152.74 6955.47 4589.23 51586.6 16632.8 21678 24183 30428.8
27344.1 0.0232655 11211.8 8152.84 6955.55 4589.29 51589.6 16633.6 21679 24184.2 30430.4
27344.8 0.0232666 11212.4 8153.23 6955.88 4589.51 51591.6 16634.2 21679.8 24185.1 30431.5
27345.5 0.0232675 11212.8 8153.54 6956.15 4589.68 51594.2 16634.9 21680.8 24186.2 30433
27345.9 0.0232683 11213.2 8153.81 6956.38 4589.84 51596.4 16635.6 21681.7 24187.2 30434.2
27346 0.0232685 11213.3 8153.89 6956.45 4589.88 51597.8 16636 21682.2 24187.8 30435
27345.8 0.0232683 11213.2 8153.81 6956.38 4589.84 51598.5 16636.1 21682.4 24188 30435.3
27345.7 0.0232681 11213.1 8153.75 6956.33 4589.8 51598.3 16636 21682.3 24187.9 30435.2
27345.5 0.0232679 11213 8153.69 6956.27 4589.77 51598 16635.9 21682.2 24187.8 30435
27345.5 0.0232678 11213 8153.65 6956.24 4589.75 51597.8 16635.8 21682.1 24187.7 30434.9
27345.4 0.0232678 11212.9 8153.65 6956.24 4589.75 51597.7 16635.8 21682.1 24187.7 30434.9
27345.4 0.0232679 11213 8153.65 6956.25 4589.75 51597.7 16635.8 21682.1 24187.7 30434.9
27345.5 0.0232679 11213 8153.68 6956.27 4589.76 51597.8 16635.8 21682.1 24187.7 30434.9
27345.5 0.023268 11213 8153.69 6956.28 4589.77 51597.8 16635.8 21682.1 24187.7 30434.9
27345.4 0.023268 11213 8153.7 6956.28 4589.77 51597.8 16635.8 21682.1 24187.7 30434.9
27345.5 0.023268 11213 8153.71 6956.29 4589.78 51597.8 16635.8 21682.1 24187.7 30434.9
27345.5 0.023268 11213 8153.72 6956.3 4589.78 51597.8 16635.8 21682.1 24187.7 30434.9
27345.5 0.023268 11213 8153.72 6956.3 4589.79 51597.8 16635.8 21682.1 24187.7 30434.9
27345.5 0.023268 11213 8153.72 6956.3 4589.79 51597.8 16635.8 21682.1 24187.7 30434.9
27345.5 0.023268 11213 8153.71 6956.29 4589.78 51597.7 16635.8 21682 24187.7 30434.9
27345.5 0.023268 11213 8153.69 6956.28 4589.77 51597.7 16635.8 21682 24187.6 30434.8
27345.5 0.0232679 11213 8153.68 6956.27 4589.76 51597.6 16635.8 21682 24187.6 30434.8
27345.5 0.0232679 11213 8153.68 6956.26 4589.76 51597.6 16635.8 21682 24187.6 30434.8
27345.5 0.0232679 11213 8153.68 6956.27 4589.76 51597.6 16635.8 21682 24187.6 30434.8
27345.5 0.0232679 11213 8153.68 6956.27 4589.77 51597.7 16635.8 21682 24187.6 30434.8
27345.5 0.0232679 11213 8153.69 6956.27 4589.77 51597.7 16635.8 21682 24187.6 30434.8
27345.5 0.023268 11213 8153.69 6956.28 4589.77 51597.7 16635.8 21682 24187.6 30434.8
27345.5 0.023268 11213 8153.69 6956.28 4589.77 51597.7 16635.8 21682 24187.6 30434.8
27345.5 0.023268 11213 8153.69 6956.28 4589.77 51597.7 16635.8 21682 24187.6 30434.8
27345.5 0.023268 11213 8153.69 6956.28 4589.77 51597.7 16635.8 21682 24187.6 30434.8
27345.5 0.023268 11213 8153.69 6956.28 4589.77 51597.7 16635.8 21682 24187.6 30434.8
27345.5 0.023268 11213 8153.69 6956.28 4589.77 51597.7 16635.8 21682 24187.6 30434.8
27345.5 0.023268 11213 8153.69 6956.28 4589.77 51597.7 16635.8 21682 24187.6 30434.8
27345.5 0.023268 11213 8153.69 6956.28 4589.77 51597.7 16635.8 21682 24187.6 30434.8
27345.5 0.023268 11213 8153.69 6956.28 4589.77 51597.7 16635.8 21682 24187.6 30434.8
27345.5 0.023268 11213 8153.69 6956.28 4589.77 51597.7 16635.8 21682 24187.6 30434.8
27345.5 0.023268 11213 8153.69 6956.28 4589.77 51597.7 16635.8 21682 24187.6 30434.8
27345.5 0.023268 11213 8153.69 6956.28 4589.77 51597.7 16635.8 21682 24187.6 30434.8
27345.5 0.023268 11213 8153.69 6956.28 4589.77 51597.7 16635.8 21682 24187.6 30434.8
27345.5 0.023268 11213 8153.69 6956.28 4589.77 51597.7 16635.8 21682 24187.6 30434.8
27345.5 0.023268 11213 8153.69 6956.28 4589.77 51597.7 16635.8 21682 24187.6 30434.8
27345.5 0.023268 11213 8153.69 6956.28 4589.77 51597.7 16635.8 21682 24187.6 30434.8
27345.5 0.023268 11213 8153.69 6956.28 4589.77 51597.7 16635.8 21682 24187.6 30434.8
27345.5 0.023268 11213 8153.69 6956.28 4589.77 51597.7 16635.8 21682 24187.6 30434.8
27345.5 0.023268 11213 8153.69 6956.28 4589.77 51597.7 16635.8 21682 24187.6 30434.8
27345.5 0.023268 11213 8153.69 6956.28 4589.77 51597.7 16635.8 21682 24187.6 30434.8
27345.5 0.023268 11213 8153.69 6956.28 4589.77 51597.7 16635.8 21682 24187.6 30434.8
27345.5 0.023268 11213 8153.69 6956.28 4589.77 51597.7 16635.8 21682 24187.6 30434.8
27345.5 0.023268 11213 8153.69 6956.28 4589.77 51597.7 16635.8 21682 24187.6 30434.8
27345.5 0.023268 11213 8153.69 6956.28 4589.77 51597.7 16635.8 21682 24187.6 30434.8
27345.5 0.023268 11213 8153.69 6956.28 4589.77 51597.7 16635.8 21682 24187.6 30434.8
27345.5 0.023268 11213 8153.69 6956.28 4589.77 51597.7 16635.8 21682 24187.6 30434.8
27345.5 0.023268 11213 8153.69 6956.28 4589.77 51597.7 16635.8 21682 24187.6 30434.8
27345.5 0.023268 11213 8153.69 6956.28 4589.77 51597.7 16635.8 21682 24187.6 30434.8
27345.5 0.023268 11213 8153.69 6956.28 4589.77 51597.7 16635.8 21682 24187.6 30434.8
27345.5 0.023268 11213 8153.69 6956.28 4589.77 51597.7 16635.8 21682 24187.6 30434.8
27345.5 0.023268 11213 8153.69 6956.28 4589.77 51597.7 16635.8 21682 24187.6 30434.8
27345.5 0.023268 11213 8153.69 6956.28 4589.77 51597.7 16635.8 21682 24187.6 30434.8
27345.5 0.023268 11213 8153.69 6956.28 4589.77 51597.7 16635.8 21682 24187.6 30434.8
27345.5 0.023268 11213 8153.69 6956.28 4589.77 51597.7 16635.8 21682 24187.6 30434.8
27345.5 0.023268 11213 8153.69 6956.28 4589.77 51597.7 16635.8 21682 24187.6 30434.8
27345.5 0.023268 11213 8153.69 6956.28 4589.77 51597.7 16635.8 21682 24187.6 30434.8
27345.5 0.023268 11213 8153.69 6956.28 4589.77 51597.7 16635.8 21682 24187.6 30434.8
27345.5 0.023268 11213 8153.69 6956.28 4589.77 51597.7 16635.8 21682 24187.6 30434.8
27345.6 0.023268 11213 8153.69 6956.28 4589.77 51597.7 16635.9 21682.2 24187.8 30434.9
27345.4 0.023268 11213 8153.69 6956.28 4589.77 51597.7 16635.7 21681.9 24187.5 30434.7
27345.5 0.023268 11213 8153.69 6956.28 4589.77 51597.7 16635.8 21682.1 24187.7 30434.9
27345.5 0.023268 11213 8153.69 6956.28 4589.77 51597.7 16635.8 21682 24187.6 30434.8
27345.5 0.023268 11213 8153.69 6956.28 4589.77 51597.7 16635.8 21682 24187.6 30434.8
27345.5 0.023268 11213 8153.69 6956.28 4589.77 51597.7 16635.8 21682 24187.6 30434.8
27345.5 0.023268 11213 8153.69 6956.28 4589.77 51597.7 16635.8 21682 24187.6 30434.8
27345.5 0.023268 11213 8153.69 6956.28 4589.77 51597.7 16635.8 21682 24187.6 30434.8
27345.5 0.023268 11213 8153.69 6956.28 4589.77 51597.7 16635.8 21682 24187.6 30434.8
27345.5 0.023268 11213 8153.69 6956.28 4589.77 51597.7 16635.8 21682 24187.6 30434.8
27345.5 0.023268 11213 8153.69 6956.28 4589.77 51597.7 16635.8 21682 24187.6 30434.8
27345.5 0.023268 11213 8153.69 6956.28 4589.77 51597.7 16635.8 21682 24187.6 30434.8
27345.5 0.023268 11213 8153.69 6956.28 4589.77 51597.7 16635.8 21682 24187.6 30434.8
27345.5 0.023268 11213 8153.69 6956.28 4589.77 51597.7 16635.8 21682 24187.6 30434.8
27345.5 0.023268 11213 8153.69 6956.28 4589.77 51597.7 16635.8 21682 24187.6 30434.8
27345.5 0.023268 11213 8153.69 6956.28 4589.77 51597.7 16635.8 21682 24187.6 30434.8
27345.8 0.0232682 11213.1 8153.77 6956.35 4589.82 51598.2 16636 21682.3 24187.9 30435.1
27345.2 0.0232677 11212.9 8153.61 6956.21 4589.72 51597.2 16635.6 21681.8 24187.4 30434.5
27345.5 0.023268 11213 8153.7 6956.28 4589.77 51597.8 16635.8 21682.1 24187.7 30434.9
27345.5 0.0232679 11213 8153.68 6956.27 4589.76 51597.7 16635.8 21682 24187.6 30434.8
27345.5 0.023268 11213 8153.69 6956.28 4589.77 51597.7 16635.8 21682 24187.6 30434.8
27345.5 0.023268 11213 8153.69 6956.28 4589.77 51597.7 16635.8 21682 24187.6 30434.8
27345.5 0.023268 11213 8153.69 6956.28 4589.77 51597.7 16635.8 21682 24187.6 30434.8
27345.5 0.023268 11213 8153.69 6956.28 4589.77 51597.7 16635.8 21682 24187.6 30434.8
27345.5 0.023268 11213 8153.69 6956.28 4589.77 51597.7 16635.8 21682 24187.6 30434.8
27345.5 0.023268 11213 8153.69 6956.28 4589.77 51597.7 16635.8 21682 24187.6 30434.8
27345.5 0.023268 11213 8153.69 6956.28 4589.77 51597.7 16635.8 21682 24187.6 30434.8
27345.5 0.023268 11213 8153.69 6956.28 4589.77 51597.7 16635.8 21682 24187.6 30434.8
27345.5 0.023268 11213 8153.69 6956.28 4589.77 51597.7 16635.8 21682 24187.6 30434.8
27345.5 0.023268 11213 8153.69 6956.28 4589.77 51597.7 16635.8 21682 24187.6 30434.8
27345.5 0.023268 11213 8153.69 6956.28 4589.77 51597.7 16635.8 21682 24187.6 30434.8
27345.5 0.023268 11213 8153.69 6956.28 4589.77 51597.7 16635.8 21682 24187.6 30434.8
27345.5 0.023268 11213 8153.69 6956.28 4589.77 51597.7 16635.8 21682 24187.6 30434.8
27345.5 0.023268 11213 8153.69 6956.28 4589.77 51597.7 16635.8 21682 24187.6 30434.8
27345.5 0.023268 11213 8153.69 6956.28 4589.77 51597.7 16635.8 21682 24187.6 30434.8
27345.5 0.023268 11213 8153.69 6956.28 4589.77 51597.7 16635.8 21682 24187.6 30434.8
27345.5 0.023268 11213 8153.69 6956.28 4589.77 51597.7 16635.8 21682 24187.6 30434.8
27345.5 0.023268 11213 8153.69 6956.28 4589.77 51597.7 16635.8 21682 24187.6 30434.8
27345.5 0.023268 11213 8153.69 6956.28 4589.77 51597.7 16635.8 21682 24187.6 30434.8
27345.5 0.023268 11213 8153.69 6956.28 4589.77 51597.7 16635.8 21682 24187.6 30434.8
27345.5 0.023268 11213 8153.69 6956.28 4589.77 51597.7 16635.8 21682 24187.6 30434.8
27345.5 0.023268 11213 8153.69 6956.28 4589.77 51597.7 16635.8 21682 24187.6 30434.8
27345.5 0.023268 11213 8153.69 6956.28 4589.77 51597.7 16635.8 21682 24187.6 30434.8
27345.5 0.023268 11213 8153.69 6956.28 4589.77 51597.7 16635.8 21682 24187.6 30434.8
27345.5 0.023268 11213 8153.69 6956.28 4589.77 51597.7 16635.8 21682 24187.6 30434.8
27345.5 0.023268 11213 8153.69 6956.28 4589.77 51597.7 16635.8 21682 24187.6 30434.8
27345.5 0.023268 11213 8153.69 6956.28 4589.77 51597.7 16635.8 21682 24187.6 30434.8
27345.5 0.023268 11213 8153.69 6956.28 4589.77 51597.7 16635.8 21682 24187.6 30434.8
27345.5 0.023268 11213 8153.69 6956.28 4589.77 51597.7 16635.8 21682 24187.6 30434.8
27345.5 0.023268 11213 8153.69 6956.28 4589.77 51597.7 16635.8 21682 24187.6 30434.8
27345.5 0.023268 11213 8153.69 6956.28 4589.77 51597.7 16635.8 21682 24187.6 30434.8
27345.5 0.023268 11213 8153.69 6956.28 4589.77 51597.7 16635.8 21682 24187.6 30434.8
27345.5 0.023268 11213 8153.69 6956.28 4589.77 51597.7 16635.8 21682 24187.6 30434.8
27345.5 0.023268 11213 8153.69 6956.28 4589.77 51597.7 16635.8 21682 24187.6 30434.8
27345.5 0.023268 11213 8153.69 6956.28 4589.77 51597.7 16635.8 21682 24187.6 30434.8
27345.5 0.023268 11213 8153.69 6956.28 4589.77 51597.7 16635.8 21682 24187.6 30434.8
27345.5 0.023268 11213 8153.69 6956.28 4589.77 51597.7 16635.8 21682 24187.6 30434.8
27345.5 0.023268 11213 8153.69 6956.28 4589.77 51597.7 16635.8 21682 24187.6 30434.8
27345.5 0.023268 11213 8153.69 6956.28 4589.77 51597.7 16635.8 21682 24187.6 30434.8
27345.5 0.023268 11213 8153.69 6956.28 4589.77 51597.7 16635.8 21682 24187.6 30434.8
27345.5 0.023268 11213 8153.69 6956.28 4589.77 51597.7 16635.8 21682 24187.6 30434.8
27345.5 0.023268 11213 8153.69 6956.28 4589.77 51597.7 16635.8 21682 24187.6 30434.8
27345.5 0.023268 11213 8153.69 6956.28 4589.77 51597.7 16635.8 21682 24187.6 30434.8
27345.5 0.023268 11213 8153.69 6956.28 4589.77 51597.7 16635.8 21682 24187.6 30434.8
27345.5 0.023268 11213 8153.69 6956.28 4589.77 51597.7 16635.8 21682 24187.6 30434.8
27345.5 0.023268 11213 8153.69 6956.28 4589.77 51597.7 16635.8 21682 24187.6 30434.8
27345.5 0.023268 11213 8153.69 6956.28 4589.77 51597.7 16635.8 21682 24187.6 30434.8
27345.5 0.023268 11213 8153.69 6956.28 4589.77 51597.7 16635.8 21682 24187.6 30434.8
27345.5 0.023268 11213 8153.69 6956.28 4589.77 51597.7 16635.8 21682 24187.6 30434.8
27345.5 0.023268 11213 8153.69 6956.28 4589.77 51597.7 16635.8 21682 24187.6 30434.8
27345.5 0.023268 11213 8153.69 6956.28 4589.77 51597.7 16635.8 21682 24187.6 30434.8
27345.5 0.023268 11213 8153.69 6956.28 4589.77 51597.7 16635.8 21682 24187.6 30434.8
27345.5 0.023268 11213 8153.69 6956.28 4589.77 51597.7 16635.8 21682 24187.6 30434.8
27345.5 0.023268 11213 8153.69 6956.28 4589.77 51597.7 16635.8 21682 24187.6 30434.8
27345.5 0.023268 11213 8153.69 6956.28 4589.77 51597.7 16635.8 21682 24187.6 30434.8
27345.5 0.023268 11213 8153.69 6956.28 4589.77 51597.7 16635.8 21682 24187.6 30434.8
27345.5 0.023268 11213 8153.69 6956.28 4589.77 51597.7 16635.8 21682 24187.6 30434.8
27345.5 0.023268 11213 8153.69 6956.28 4589.77 51597.7 16635.8 21682 24187.6 30434.8
27345.5 0.023268 11213 8153.69 6956.28 4589.77 51597.7 16635.8 21682 24187.6 30434.8
27345.5 0.023268 11213 8153.69 6956.28 4589.77 51597.7 16635.8 21682 24187.6 30434.8
27345.5 0.023268 11213 8153.69 6956.28 4589.77 51597.7 16635.8 21682 24187.6 30434.8
27345.5 0.023268 11213 8153.69 6956.28 4589.77 51597.7 16635.8 21682 24187.6 30434.8
27345.5 0.023268 11213 8153.69 6956.28 4589.77 51597.7 16635.8 21682 24187.6 30434.8
27345.5 0.023268 11213 8153.69 6956.28 4589.77 51597.7 16635.8 21682 24187.6 30434.8
27345.5 0.023268 11213 8153.69 6956.28 4589.77 51597.7 16635.8 21682 24187.6 30434.8
27345.5 0.023268 11213 8153.69 6956.28 4589.77 51597.7 16635.8 21682 24187.6 30434.8
27345.5 0.023268 11213 8153.69 6956.28 4589.77 51597.7 16635.8 21682 24187.6 30434.8
27345.5 0.023268 11213 8153.69 6956.28 4589.77 51597.7 16635.8 21682 24187.6 30434.8
27345.5 0.023268 11213 8153.69 6956.28 4589.77 51597.7 16635.8 21682 24187.6 30434.8
27345.5 0.023268 11213 8153.69 6956.28 4589.77 51597.7 16635.8 21682 24187.6 30434.8
27345.5 0.023268 11213 8153.69 6956.28 4589.77 51597.7 16635.8 21682 24187.6 30434.8
27345.5 0.023268 11213 8153.69 6956.28 4589.77 51597.7 16635.8 21682 24187.6 30434.8
27345.5 0.023268 11213 8153.69 6956.28 4589.77 51597.7 16635.8 21682 24187.6 30434.8
27345.5 0.023268 11213 8153.69 6956.28 4589.77 51597.7 16635.8 21682 24187.6 30434.8
27345.5 0.023268 11213 8153.69 6956.28 4589.77 51597.7 16635.8 21682 24187.6 30434.8
27345.5 0.023268 11213 8153.69 6956.28 4589.77 51597.7 16635.8 21682 24187.6 30434.8
27345.5 0.023268 11213 8153.69 6956.28 4589.77 51597.7 16635.8 21682 24187.6 30434.8
27345.5 0.023268 11213 8153.69 6956.28 4589.77 51597.7 16635.8 21682 24187.6 30434.8
27345.5 0.023268 11213 8153.69 6956.28 4589.77 51597.7 16635.8 21682 24187.6 30434.8
27345.5 0.023268 11213 8153.69 6956.28 4589.77 51597.7 16635.8 21682 24187.6 30434.8
27345.5 0.023268 11213 8153.69 6956.28 4589.77 51597.7 16635.8 21682 24187.6 30434.8
27345.5 0.023268 11213 8153.69 6956.28 4589.77 51597.7 16635.8 21682 24187.6 30434.8
27345.5 0.023268 11213 8153.69 6956.28 4589.77 51597.7 16635.8 21682 24187.6 30434.8
27345.5 0.023268 11213 8153.69 6956.28 4589.77 51597.7 16635.8 21682 24187.6 30434.8
27345.5 0.023268 11213 8153.69 6956.28 4589.77 51597.7 16635.8 21682 24187.6 30434.8
27345.5 0.023268 11213 8153.69 6956.28 4589.77 51597.7 16635.8 21682 24187.6 30434.8
27345.5 0.023268 11213 8153.69 6956.28 4589.77 51597.7 16635.8 21682 24187.6 30434.8
27345.5 0.023268 11213 8153.69 6956.28 4589.77 51597.7 16635.8 21682 24187.6 30434.8
27345.5 0.023268 11213 8153.69 6956.28 4589.77 51597.7 16635.8 21682 24187.6 30434.8
27345.5 0.023268 11213 8153.69 6956.28 4589.77 51597.7 16635.8 21682 24187.6 30434.8
27345.5 0.023268 11213 8153.69 6956.28 4589.77 51597.7 16635.8 21682 24187.6 30434.8
27345.5 0.023268 11213 8153.69 6956.28 4589.77 51597.7 16635.8 21682 24187.6 30434.8
27345.5 0.023268 11213 8153.69 6956.28 4589.77 51597.7 16635.8 21682 24187.6 30434.8
27345.5 0.023268 11213 8153.69 6956.28 4589.77 51597.7 16635.8 21682 24187.6 30434.8
27345.5 0.023268 11213 8153.69 6956.28 4589.77 51597.7 16635.8 21682 24187.6 30434.8
27345.5 0.023268 11213 8153.69 6956.28 4589.77 51597.7 16635.8 21682 24187.6 30434.8
27345.5 0.023268 11213 8153.69 6956.28 4589.77 51597.7 16635.8 21682 24187.6 30434.8
27345.5 0.023268 11213 8153.69 6956.28 4589.77 51597.7 16635.8 21682 24187.6 30434.8
27345.5 0.023268 11213 8153.69 6956.28 4589.77 51597.7 16635.8 21682 24187.6 30434.8
27345.5 0.023268 11213 8153.69 6956.28 4589.77 51597.7 16635.8 21682 24187.6 30434.8
27345.5 0.023268 11213 8153.69 6956.28 4589.77 51597.7 16635.8 21682 24187.6 30434.8
27345.5 0.023268 11213 8153.69 6956.28 4589.77 51597.7 16635.8 21682 24187.6 30434.8
27345.5 0.023268 11213 8153.69 6956.28 4589.77 51597.7 16635.8 21682 24187.6 30434.8
27345.5 0.023268 11213 8153.69 6956.28 4589.77 51597.7 16635.8 21682 24187.6 30434.8
27345.5 0.023268 11213 8153.69 6956.28 4589.77 51597.7 16635.8 21682 24187.6 30434.8
27345.5 0.023268 11213 8153.69 6956.28 4589.77 51597.7 16635.8 21682 24187.6 30434.8
27345.5 0.023268 11213 8153.69 6956.28 4589.77 51597.7 16635.8 21682 24187.6 30434.8
27345.5 0.023268 11213 8153.69 6956.28 4589.77 51597.7 16635.8 21682 24187.6 30434.8
27345.5 0.023268 11213 8153.69 6956.28 4589.77 51597.7 16635.8 21682 24187.6 30434.8
27345.5 0.023268 11213 8153.69 6956.28 4589.77 51597.7 16635.8 21682 24187.6 30434.8
27345.5 0.023268 11213 8153.69 6956.28 4589.77 51597.7 16635.8 21682 24187.6 30434.8
27345.5 0.023268 11213 8153.69 6956.28 4589.77 51597.7 16635.8 21682 24187.6 30434.8
27345.5 0.023268 11213 8153.69 6956.28 4589.77 51597.7 16635.8 21682 24187.6 30434.8
27345.5 0.023268 11213 8153.69 6956.28 4589.77 51597.7 16635.8 21682 24187.6 30434.8
27345.5 0.023268 11213 8153.69 6956.28 4589.77 51597.7 16635.8 21682 24187.6 30434.8
27345.5 0.023268 11213 8153.69 6956.28 4589.77 51597.7 16635.8 21682 24187.6 30434.8
27345.5 0.023268 11213 8153.69 6956.28 4589.77 51597.7 16635.8 21682 24187.6 30434.8
27345.5 0.023268 11213 8153.69 6956.28 4589.77 51597.7 16635.8 21682 24187.6 30434.8
27345.5 0.023268 11213 8153.69 6956.28 4589.77 51597.7 16635.8 21682 24187.6 30434.8
27345.5 0.023268 11213 8153.69 6956.28 4589.77 51597.7 16635.8 21682 24187.6 30434.8
27345.5 0.023268 11213 8153.69 6956.28 4589.77 51597.7 16635.8 21682 24187.6 30434.8
27345.5 0.023268 11213 8153.69 6956.28 4589.77 51597.7 16635.8 21682 24187.6 30434.8
27345.5 0.023268 11213 8153.69 6956.28 4589.77 51597.7 16635.8 21682 24187.6 30434.8
27345.5 0.023268 11213 8153.69 6956.28 4589.77 51597.7 16635.8 21682 24187.6 30434.8
27345.5 0.023268 11213 8153.69 6956.28 4589.77 51597.7 16635.8 21682 24187.6 30434.8
27345.5 0.023268 11213 8153.69 6956.28 4589.77 51597.7 16635.8 21682 24187.6 30434.8
27345.5 0.023268 11213 8153.69 6956.28 4589.77 51597.7 16635.8 21682 24187.6 30434.8
27345.5 0.023268 11213 8153.69 6956.28 4589.77 51597.7 16635.8 21682 24187.6 30434.8
27345.5 0.023268 11213 8153.69 6956.28 4589.77 51597.7 16635.8 21682 24187.6 30434.8
27345.5 0.023268 11213 8153.69 6956.28 4589.77 51597.7 16635.8 21682 24187.6 30434.8
27345.5 0.023268 11213 8153.69 6956.28 4589.77 51597.7 16635.8 21682 24187.6 30434.8
27345.5 0.023268 11213 8153.69 6956.28 4589.77 51597.7 16635.8 21682 24187.6 30434.8
27345.5 0.023268 11213 8153.69 6956.28 4589.77 51597.7 16635.8 21682 24187.6 30434.8
27345.5 0.023268 11213 8153.69 6956.28 4589.77 51597.7 16635.8 21682 24187.6 30434.8
27345.5 0.023268 11213 8153.69 6956.28 4589.77 51597.7 16635.8 21682 24187.6 30434.8
27345.5 0.023268 11213 8153.69 6956.28 4589.77 51597.7 16635.8 21682 24187.6 30434.8
27345.5 0.023268 11213 8153.69 6956.28 4589.77 51597.7 16635.8 21682 24187.6 30434.8
27345.5 0.023268 11213 8153.69 6956.28 4589.77 51597.7 16635.8 21682 24187.6 30434.8
27345.5 0.023268 11213 8153.69 6956.28 4589.77 51597.7 16635.8 21682 24187.6 30434.8
27345.5 0.023268 11213 8153.69 6956.28 4589.77 51597.7 16635.8 21682 24187.6 30434.8
27345.5 0.023268 11213 8153.69 6956.28 4589.77 51597.7 16635.8 21682 24187.6 30434.8
27345.5 0.023268 11213 8153.69 6956.28 4589.77 51597.7 16635.8 21682 24187.6 30434.8
27345.5 0.023268 11213 8153.69 6956.28 4589.77 51597.7 16635.8 21682 24187.6 30434.8
27345.5 0.023268 11213 8153.69 6956.28 4589.77 51597.7 16635.8 21682 24187.6 30434.8
27345.5 0.023268 11213 8153.69 6956.28 4589.77 51597.7 16635.8 21682 24187.6 30434.8
27345.5 0.023268 11213 8153.69 6956.28 4589.77 51597.7 16635.8 21682 24187.6 30434.8
27345.5 0.023268 11213 8153.69 6956.28 4589.77 51597.7 16635.8 21682 24187.6 30434.8
27345.5 0.023268 11213 8153.69 6956.28 4589.77 51597.7 16635.8 21682 24187.6 30434.8
27345.5 0.023268 11213 8153.69 6956.28 4589.77 51597.7 16635.8 21682 24187.6 30434.8
27345.5 0.023268 11213 8153.69 6956.28 4589.77 51597.7 16635.8 21682 24187.6 30434.8
27345.5 0.023268 11213 8153.69 6956.28 4589.77 51597.7 16635.8 21682 24187.6 30434.8
27345.5 0.023268 11213 8153.69 6956.28 4589.77 51597.7 16635.8 21682 24187.6 30434.8
27345.5 0.023268 11213 8153.69 6956.28 4589.77 51597.7 16635.8 21682 24187.6 30434.8
27345.5 0.023268 11213 8153.69 6956.28 4589.77 51597.7 16635.8 21682 24187.6 30434.8
27345.5 0.023268 11213 8153.69 6956.28 4589.77 51597.7 16635.8 21682 24187.6 30434.8
27345.5 0.023268 11213 8153.69 6956.28 4589.77 51597.7 16635.8 21682 24187.6 30434.8
27345.5 0.023268 11213 8153.69 6956.28 4589.77 51597.7 16635.8 21682 24187.6 30434.8
27345.5 0.023268 11213 8153.69 6956.28 4589.77 51597.7 16635.8 21682 24187.6 30434.8
27345.5 0.023268 11213 8153.69 6956.28 4589.77 51597.7 16635.8 21682 24187.6 30434.8
27345.5 0.023268 11213 8153.69 6956.28 4589.77 51597.7 16635.8 21682 24187.6 30434.8
27345.5 0.023268 11213 8153.69 6956.28 4589.77 51597.7 16635.8 21682 24187.6 30434.8
27345.5 0.023268 11213 8153.69 6956.28 4589.77 51597.7 16635.8 21682 24187.6 30434.8
27345.5 0.023268 11213 8153.69 6956.28 4589.77 51597.7 16635.8 21682 24187.6 30434.8
27345.5 0.023268 11213 8153.69 6956.28 4589.77 51597.7 16635.8 21682 24187.6 30434.8
27345.5 0.023268 11213 8153.7 6956.28 4589.77 51597.7 16635.8 21682 24187.6 30434.8
27345.5 0.0232679 11213 8153.69 6956.27 4589.77 51597.7 16635.8 21682 24187.6 30434.8
27345.5 0.023268 11213 8153.69 6956.28 4589.77 51597.7 16635.8 21682 24187.6 30434.8
27345.5 0.023268 11213 8153.69 6956.28 4589.77 51597.7 16635.8 21682 24187.6 30434.8
27345.5 0.023268 11213 8153.7 6956.28 4589.77 51597.7 16635.8 21682 24187.6 30434.8
27345.5 0.0232679 11213 8153.68 6956.27 4589.77 51597.7 16635.8 21682 24187.6 30434.8
27345.5 0.023268 11213 8153.69 6956.28 4589.77 51597.7 16635.8 21682 24187.6 30434.8
27345.5 0.023268 11213 8153.69 6956.28 4589.77 51597.7 16635.8 21682 24187.6 30434.8
27345.5 0.023268 11213 8153.7 6956.28 4589.77 51597.7 16635.8 21682 24187.6 30434.8
27345.5 0.0232679 11213 8153.69 6956.27 4589.77 51597.7 16635.8 21682 24187.6 30434.8
27345.5 0.023268 11213 8153.69 6956.28 4589.77 51597.7 16635.8 21682 24187.6 30434.8
27345.5 0.023268 11213 8153.69 6956.28 4589.77 51597.7 16635.8 21682 24187.6 30434.8
27345.5 0.023268 11213 8153.69 6956.28 4589.77 51597.7 16635.8 21682 24187.6 30434.8
27345.5 0.0232679 11213 8153.69 6956.27 4589.77 51597.7 16635.8 21682 24187.6 30434.8
27345.5 0.023268 11213 8153.69 6956.28 4589.77 51597.7 16635.8 21682 24187.6 30434.8
27345.5 0.023268 11213 8153.69 6956.28 4589.77 51597.7 16635.8 21682 24187.6 30434.8
27345.5 0.023268 11213 8153.69 6956.28 4589.77 51597.7 16635.8 21682 24187.6 30434.8
27345.5 0.0232679 11213 8153.69 6956.27 4589.77 51597.7 16635.8 21682 24187.6 30434.8
27345.5 0.023268 11213 8153.69 6956.28 4589.77 51597.7 16635.8 21682 24187.6 30434.8
27345.5 0.023268 11213 8153.69 6956.28 4589.77 51597.7 16635.8 21682 24187.6 30434.8
27345.5 0.023268 11213 8153.7 6956.29 4589.77 51597.7 16635.8 21682 24187.6 30434.8
27345.4 0.0232679 11213 8153.68 6956.27 4589.76 51597.7 16635.8 21682 24187.6 30434.8
27345.5 0.023268 11213 8153.69 6956.28 4589.77 51597.7 16635.8 21682 24187.6 30434.8
27345.5 0.023268 11213 8153.69 6956.28 4589.77 51597.7 16635.8 21682 24187.6 30434.8
27345.5 0.023268 11213 8153.7 6956.28 4589.77 51597.7 16635.8 21682 24187.6 30434.8
27345.5 0.0232679 11213 8153.68 6956.27 4589.77 51597.7 16635.8 21682 24187.6 30434.8
27345.5 0.023268 11213 8153.69 6956.28 4589.77 51597.7 16635.8 21682 24187.6 30434.8
27345.5 0.023268 11213 8153.69 6956.28 4589.77 51597.7 16635.8 21682 24187.6 30434.8
27345.5 0.023268 11213 8153.7 6956.28 4589.77 51597.7 16635.8 21682 24187.6 30434.8
27345.5 0.0232679 11213 8153.68 6956.27 4589.77 51597.7 16635.8 21682 24187.6 30434.8
27345.5 0.023268 11213 8153.69 6956.28 4589.77 51597.7 16635.8 21682 24187.6 30434.8
27345.5 0.023268 11213 8153.69 6956.28 4589.77 51597.7 16635.8 21682 24187.6 30434.8
27345.5 0.023268 11213 8153.7 6956.28 4589.77 51597.7 16635.8 21682 24187.6 30434.8
27345.4 0.0232679 11213 8153.68 6956.27 4589.76 51597.7 16635.8 21682 24187.6 30434.8
27345.5 0.023268 11213 8153.69 6956.28 4589.77 51597.7 16635.8 21682 24187.6 30434.8
27345.5 0.023268 11213 8153.69 6956.28 4589.77 51597.7 16635.8 21682 24187.6 30434.8
27345.6 0.0232681 11213 8153.73 6956.31 4589.79 51597.7 16635.8 21682 24187.6 30434.8
27345.3 0.0232679 11213 8153.66 6956.25 4589.75 51597.7 16635.8 21682 24187.6 30434.8
27345.5 0.023268 11213 8153.69 6956.28 4589.77 51597.7 16635.8 21682 24187.6 30434.8
27345.5 0.0232679 11213 8153.69 6956.27 4589.77 51597.7 16635.8 21682 24187.6 30434.8
27345.9 0.0232682 11213.1 8153.79 6956.36 4589.83 51597.7 16635.8 21682 24187.6 30434.8
27345 0.0232677 11212.9 8153.59 6956.19 4589.71 51597.7 16635.8 21682 24187.6 30434.8
27345.5 0.023268 11213 8153.7 6956.29 4589.77 51597.7 16635.8 21682 24187.6 30434.8
27345.4 0.0232679 11213 8153.68 6956.27 4589.76 51597.7 16635.8 21682 24187.6 30434.8
27346.2 0.0232685 11213.2 8153.86 6956.43 4589.87 51597.7 16635.8 21682 24187.6 30434.8
27344.7 0.0232675 11212.8 8153.52 6956.13 4589.67 51597.7 16635.8 21682 24187.6 30434.8
27345.6 0.023268 11213 8153.71 6956.29 4589.78 51597.7 16635.8 21682 24187.6 30434.8
27345.4 0.0232679 11213 8153.67 6956.26 4589.76 51597.7 16635.8 21682 24187.6 30434.8
27347.5 0.0232697 11213.8 8154.3 6956.8 4590.11 51597.7 16635.8 21682 24187.6 30434.8
27343.5 0.0232662 11212.2 8153.08 6955.76 4589.43 51597.7 16635.8 21682 24187.6 30434.8
27345.7 0.0232681 11213.1 8153.75 6956.33 4589.8 51597.7 16635.8 21682 24187.6 30434.8
27345.3 0.0232678 11212.9 8153.63 6956.23 4589.73 51597.7 16635.8 21682 24187.6 30434.8
27345.9 0.0232684 11213.2 8153.83 6956.4 4589.85 51597.7 16635.8 21682 24187.6 30434.8
27345.1 0.0232675 11212.8 8153.55 6956.15 4589.69 51597.7 16635.8 21682 24187.6 30434.8
27345.5 0.023268 11213 8153.71 6956.29 4589.78 51597.7 16635.8 21682 24187.6 30434.8
27345.4 0.0232679 11213 8153.68 6956.26 4589.76 51597.7 16635.8 21682 24187.6 30434.8
27345.7 0.0232682 11213.2 8153.8 6956.37 4589.83 51597.7 16635.8 21682 24187.6 30434.8
27345.2 0.0232677 11212.8 8153.58 6956.19 4589.71 51597.7 16635.8 21682 24187.6 30434.8
27345.5 0.023268 11213 8153.7 6956.29 4589.78 51597.7 16635.8 21682 24187.6 30434.8
27345.5 0.0232679 11213 8153.68 6956.27 4589.76 51597.7 16635.8 21682 24187.6 30434.8
27345.6 0.0232681 11213.1 8153.74 6956.32 4589.8 51597.7 16635.8 21682 24187.6 30434.8
27345.4 0.0232678 11212.9 8153.64 6956.23 4589.74 51597.7 16635.8 21682 24187.6 30434.8
27345.5 0.023268 11213 8153.7 6956.28 4589.77 51597.7 16635.8 21682 24187.6 30434.8
27345.5 0.0232679 11213 8153.69 6956.27 4589.77 51597.7 16635.8 21682 24187.6 30434.8
27345.5 0.023268 11213 8153.69 6956.28 4589.77 51597.7 16635.8 21682 24187.6 30434.8
27345.5 0.023268 11213 8153.69 6956.28 4589.77 51597.7 16635.8 21682 24187.6 30434.8
27345.5 0.023268 11213 8153.69 6956.28 4589.77 51597.7 16635.8 21682 24187.6 30434.8
27345.5 0.023268 11213 8153.69 6956.28 4589.77 51597.7 16635.8 21682 24187.6 30434.8
27345.5 0.023268 11213 8153.69 6956.28 4589.77 51597.7 16635.8 21682 24187.6 30434.8
27345.5 0.023268 11213 8153.69 6956.28 4589.77 51597.7 16635.8 21682 24187.6 30434.8
27345.5 0.023268 11213 8153.69 6956.28 4589.77 51597.7 16635.8 21682 24187.6 30434.8
27345.5 0.023268 11213 8153.69 6956.28 4589.77 51597.7 16635.8 21682 24187.6 30434.8
27345.5 0.023268 11213 8153.69 6956.28 4589.77 51597.7 16635.8 21682 24187.6 30434.8
27345.5 0.023268 11213 8153.69 6956.28 4589.77 51597.7 16635.8 21682 24187.6 30434.8
27345.5 0.023268 11213 8153.69 6956.28 4589.77 51597.7 16635.8 21682 24187.6 30434.8
27345.5 0.023268 11213 8153.69 6956.28 4589.77 51597.7 16635.8 21682 24187.6 30434.8
27345.5 0.023268 11213 8153.69 6956.28 4589.77 51597.7 16635.8 21682 24187.6 30434.8
27345.5 0.023268 11213 8153.69 6956.28 4589.77 51597.7 16635.8 21682 24187.6 30434.8
27345.5 0.023268 11213 8153.69 6956.28 4589.77 51597.7 16635.8 21682 24187.6 30434.8
27345.5 0.023268 11213 8153.69 6956.28 4589.77 51597.7 16635.8 21682 24187.6 30434.8
27345.5 0.023268 11213 8153.69 6956.28 4589.77 51597.7 16635.8 21682 24187.6 30434.8
27345.5 0.023268 11213 8153.69 6956.28 4589.77 51597.7 16635.8 21682 24187.6 30434.8
27345.5 0.023268 11213 8153.69 6956.28 4589.77 51597.7 16635.8 21682 24187.6 30434.8
27345.5 0.023268 11213 8153.69 6956.28 4589.77 51597.7 16635.8 21682 24187.6 30434.8
27345.5 0.023268 11213 8153.69 6956.28 4589.77 51597.7 16635.8 21682 24187.6 30434.8
27345.5 0.023268 11213 8153.69 6956.28 4589.77 51597.7 16635.8 21682 24187.6 30434.8
27345.5 0.023268 11213 8153.69 6956.28 4589.77 51597.7 16635.8 21682 24187.6 30434.8
27345.5 0.023268 11213 8153.69 6956.28 4589.77 51597.7 16635.8 21682 24187.6 30434.8
27345.5 0.023268 11213 8153.69 6956.28 4589.77 51597.7 16635.8 21682 24187.6 30434.8
27345.5 0.023268 11213 8153.69 6956.28 4589.77 51597.7 16635.8 21682 24187.6 30434.8
27345.5 0.023268 11213 8153.69 6956.28 4589.77 51597.7 16635.8 21682 24187.6 30434.8
27345.5 0.023268 11213 8153.69 6956.28 4589.77 51597.7 16635.8 21682 24187.6 30434.8
27345.5 0.023268 11213 8153.69 6956.28 4589.77 51597.7 16635.8 21682 24187.6 30434.8
27345.5 0.023268 11213 8153.69 6956.28 4589.77 51597.7 16635.8 21682 24187.6 30434.8
27345.5 0.023268 11213 8153.69 6956.28 4589.77 51597.7 16635.8 21682 24187.6 30434.8
27345.5 0.023268 11213 8153.69 6956.28 4589.77 51597.7 16635.8 21682 24187.6 30434.8
27345.5 0.023268 11213 8153.69 6956.28 4589.77 51597.7 16635.8 21682 24187.6 30434.8
27345.5 0.023268 11213 8153.69 6956.28 4589.77 51597.7 16635.8 21682 24187.6 30434.8
27345.5 0.023268 11213 8153.69 6956.28 4589.77 51597.7 16635.8 21682 24187.6 30434.8
27345.5 0.023268 11213 8153.69 6956.28 4589.77 51597.7 16635.8 21682 24187.6 30434.8
27345.5 0.023268 11213 8153.69 6956.28 4589.77 51597.7 16635.8 21682 24187.6 30434.8
27345.5 0.023268 11213 8153.69 6956.28 4589.77 51597.7 16635.8 21682 24187.6 30434.8
27345.5 0.023268 11213 8153.69 6956.28 4589.77 51597.7 16635.8 21682 24187.6 30434.8
27345.5 0.023268 11213 8153.69 6956.28 4589.77 51597.7 16635.8 21682 24187.6 30434.8
27345.5 0.023268 11213 8153.69 6956.28 4589.77 51597.7 16635.8 21682 24187.6 30434.8
27345.5 0.023268 11213 8153.69 6956.28 4589.77 51597.7 16635.8 21682 24187.6 30434.8
27345.5 0.023268 11213 8153.69 6956.28 4589.77 51597.7 16635.8 21682 24187.6 30434.8
27345.5 0.023268 11213 8153.69 6956.28 4589.77 51597.7 16635.8 21682 24187.6 30434.8
27345.5 0.023268 11213 8153.69 6956.28 4589.77 51597.7 16635.8 21682 24187.6 30434.8
27345.5 0.023268 11213 8153.69 6956.28 4589.77 51597.7 16635.8 21682 24187.6 30434.8
27345.5 0.023268 11213 8153.69 6956.28 4589.77 51597.7 16635.8 21682 24187.6 30434.8
27345.5 0.023268 11213 8153.69 6956.28 4589.77 51597.7 16635.8 21682 24187.6 30434.8
27345.5 0.023268 11213 8153.69 6956.28 4589.77 51597.7 16635.8 21682 24187.6 30434.8
27345.5 0.023268 11213 8153.69 6956.28 4589.77 51597.7 16635.8 21682 24187.6 30434.8
27345.5 0.023268 11213 8153.69 6956.28 4589.77 51597.7 16635.8 21682 24187.6 30434.8
27345.5 0.023268 11213 8153.69 6956.28 4589.77 51597.7 16635.8 21682 24187.6 30434.8
27345.5 0.023268 11213 8153.69 6956.28 4589.77 51597.7 16635.8 21682 24187.6 30434.8
27345.5 0.023268 11213 8153.69 6956.28 4589.77 51597.7 16635.8 21682 24187.6 30434.8
27345.5 0.023268 11213 8153.69 6956.28 4589.77 51597.7 16635.8 21682 24187.6 30434.8
27345.5 0.023268 11213 8153.69 6956.28 4589.77 51597.7 16635.8 21682 24187.6 30434.8
27345.5 0.023268 11213 8153.69 6956.28 4589.77 51597.7 16635.8 21682 24187.6 30434.8
27345.5 0.023268 11213 8153.69 6956.28 4589.77 51597.7 16635.8 21682 24187.6 30434.8
27345.5 0.023268 11213 8153.69 6956.28 4589.77 51597.7 16635.8 21682 24187.6 30434.8
27345.5 0.023268 11213 8153.69 6956.28 4589.77 51597.7 16635.8 21682 24187.6 30434.8
27345.5 0.023268 11213 8153.69 6956.28 4589.77 51597.7 16635.8 21682 24187.6 30434.8
27345.5 0.023268 11213 8153.69 6956.28 4589.77 51597.7 16635.8 21682 24187.6 30434.8
27345.5 0.023268 11213 8153.69 6956.28 4589.77 51597.7 16635.8 21682 24187.6 30434.8
27345.5 0.023268 11213 8153.69 6956.28 4589.77 51597.7 16635.8 21682 24187.6 30434.8
27345.5 0.023268 11213 8153.69 6956.28 4589.77 51597.7 16635.8 21682 24187.6 30434.8
27345.5 0.023268 11213 8153.69 6956.28 4589.77 51597.7 16635.8 21682 24187.6 30434.8
27345.5 0.023268 11213 8153.69 6956.28 4589.77 51597.7 16635.8 21682 24187.6 30434.8
27345.5 0.023268 11213 8153.69 6956.28 4589.77 51597.7 16635.8 21682 24187.6 30434.8
27345.5 0.023268 11213 8153.69 6956.28 4589.77 51597.7 16635.8 21682 24187.6 30434.8
27345.5 0.023268 11213 8153.69 6956.28 4589.77 51597.7 16635.8 21682 24187.6 30434.8
27345.5 0.023268 11213 8153.69 6956.28 4589.77 51597.7 16635.8 21682 24187.6 30434.8
27345.5 0.023268 11213 8153.69 6956.28 4589.77 51597.7 16635.8 21682 24187.6 30434.8
27345.5 0.023268 11213 8153.69 6956.28 4589.77 51597.7 16635.8 21682 24187.6 30434.8
27345.5 0.023268 11213 8153.69 6956.28 4589.77 51597.7 16635.8 21682 24187.6 30434.8
27345.5 0.023268 11213 8153.69 6956.28 4589.77 51597.7 16635.8 21682 24187.6 30434.8
27345.5 0.023268 11213 8153.69 6956.28 4589.77 51597.7 16635.8 21682 24187.6 30434.8
27345.5 0.023268 11213 8153.69 6956.28 4589.77 51597.7 16635.8 21682 24187.6 30434.8
27345.5 0.023268 11213 8153.69 6956.28 4589.77 51597.7 16635.8 21682 24187.6 30434.8
27345.5 0.023268 11213 8153.69 6956.28 4589.77 51597.7 16635.8 21682 24187.6 30434.8
27345.5 0.023268 11213 8153.69 6956.28 4589.77 51597.7 16635.8 21682 24187.6 30434.8
27345.5 0.023268 11213 8153.69 6956.28 4589.77 51597.7 16635.8 21682 24187.6 30434.8
27345.5 0.023268 11213 8153.69 6956.28 4589.77 51597.7 16635.8 21682 24187.6 30434.8
27345.5 0.023268 11213 8153.69 6956.28 4589.77 51597.7 16635.8 21682 24187.6 30434.8
27345.5 0.023268 11213 8153.69 6956.28 4589.77 51597.7 16635.8 21682 24187.6 30434.8
27345.5 0.023268 11213 8153.69 6956.28 4589.77 51597.7 16635.8 21682 24187.6 30434.8
27345.5 0.023268 11213 8153.69 6956.28 4589.77 51597.7 16635.8 21682 24187.6 30434.8
27345.5 0.023268 11213 8153.69 6956.28 4589.77 51597.7 16635.8 21682 24187.6 30434.8
27345.5 0.023268 11213 8153.69 6956.28 4589.77 51597.7 16635.8 21682 24187.6 30434.8
27345.5 0.023268 11213 8153.69 6956.28 4589.77 51597.7 16635.8 21682 24187.6 30434.8
27345.5 0.023268 11213 8153.69 6956.28 4589.77 51597.7 16635.8 21682 24187.6 30434.8
27345.5 0.023268 11213 8153.69 6956.28 4589.77 51597.7 16635.8 21682 24187.6 30434.8
27345.5 0.023268 11213 8153.69 6956.28 4589.77 51597.7 16635.8 21682 24187.6 30434.8
27345.5 0.023268 11213 8153.69 6956.28 4589.77 51597.7 16635.8 21682 24187.6 30434.8
27345.5 0.023268 11213 8153.69 6956.28 4589.77 51597.7 16635.8 21682 24187.6 30434.8
27345.5 0.023268 11213 8153.69 6956.28 4589.77 51597.7 16635.8 21682 24187.6 30434.8
27345.5 0.023268 11213 8153.69 6956.28 4589.77 51597.7 16635.8 21682 24187.6 30434.8
27345.5 0.023268 11213 8153.69 6956.28 4589.77 51597.7 16635.8 21682 24187.6 30434.8
27345.5 0.023268 11213 8153.69 6956.28 4589.77 51597.7 16635.8 21682 24187.6 30434.8
27345.5 0.023268 11213 8153.69 6956.28 4589.77 51597.7 16635.8 21682 24187.6 30434.8
27345.5 0.023268 11213 8153.69 6956.28 4589.77 51597.7 16635.8 21682 24187.6 30434.8
27345.5 0.023268 11213 8153.69 6956.28 4589.77 51597.7 16635.8 21682 24187.6 30434.8
27345.5 0.023268 11213 8153.69 6956.28 4589.77 51597.7 16635.8 21682 24187.6 30434.8
27345.5 0.023268 11213 8153.69 6956.28 4589.77 51597.7 16635.8 21682 24187.6 30434.8
27345.5 0.023268 11213 8153.69 6956.28 4589.77 51597.7 16635.8 21682 24187.6 30434.8
27345.5 0.023268 11213 8153.69 6956.28 4589.77 51597.7 16635.8 21682 24187.6 30434.8
27345.5 0.023268 11213 8153.69 6956.28 4589.77 51597.7 16635.8 21682 24187.6 30434.8
27345.5 0.023268 11213 8153.69 6956.28 4589.77 51597.7 16635.8 21682 24187.6 30434.8
27345.5 0.023268 11213 8153.69 6956.28 4589.77 51597.7 16635.8 21682 24187.6 30434.8
27345.5 0.023268 11213 8153.69 6956.28 4589.77 51597.7 16635.8 21682 24187.6 30434.8
27345.5 0.023268 11213 8153.69 6956.28 4589.77 51597.7 16635.8 21682 24187.6 30434.8
27345.5 0.023268 11213 8153.69 6956.28 4589.77 51597.7 16635.8 21682 24187.6 30434.8
27345.5 0.023268 11213 8153.69 6956.28 4589.77 51597.7 16635.8 21682 24187.6 30434.8
27345.5 0.023268 11213 8153.69 6956.28 4589.77 51597.7 16635.8 21682 24187.6 30434.8
27345.5 0.023268 11213 8153.69 6956.28 4589.77 51597.7 16635.8 21682 24187.6 30434.8
27345.5 0.023268 11213 8153.69 6956.28 4589.77 51597.7 16635.8 21682 24187.6 30434.8
27345.5 0.023268 11213 8153.69 6956.28 4589.77 51597.7 16635.8 21682 24187.6 30434.8
27345.5 0.023268 11213 8153.69 6956.28 4589.77 51597.7 16635.8 21682 24187.6 30434.8
27345.5 0.023268 11213 8153.69 6956.28 4589.77 51597.7 16635.8 21682 24187.6 30434.8
27345.5 0.023268 11213 8153.69 6956.28 4589.77 51597.7 16635.8 21682 24187.6 30434.8
27345.5 0.023268 11213 8153.69 6956.28 4589.77 51597.7 16635.8 21682 24187.6 30434.8
27345.5 0.023268 11213 8153.69 6956.28 4589.77 51597.7 16635.8 21682 24187.6 30434.8
27345.5 0.023268 11213 8153.69 6956.28 4589.77 51597.7 16635.8 21682 24187.6 30434.8
27345.5 0.023268 11213 8153.69 6956.28 4589.77 51597.7 16635.8 21682 24187.6 30434.8
27345.5 0.023268 11213 8153.69 6956.28 4589.77 51597.7 16635.8 21682 24187.6 30434.8
27345.5 0.023268 11213 8153.69 6956.28 4589.77 51597.7 16635.8 21682 24187.6 30434.8
27345.5 0.023268 11213 8153.69 6956.28 4589.77 51597.7 16635.8 21682 24187.6 30434.8
27345.5 0.023268 11213 8153.69 6956.28 4589.77 51597.7 16635.8 21682 24187.6 30434.8
27345.5 0.023268 11213 8153.69 6956.28 4589.77 51597.7 16635.8 21682 24187.6 30434.8
27345.5 0.023268 11213 8153.69 6956.28 4589.77 51597.7 16635.8 21682 24187.6 30434.8
27345.5 0.023268 11213 8153.69 6956.28 4589.77 51597.7 16635.8 21682 24187.6 30434.8
27345.5 0.023268 11213 8153.69 6956.28 4589.77 51597.7 16635.8 21682 24187.6 30434.8
27345.5 0.023268 11213 8153.69 6956.28 4589.77 51597.7 16635.8 21682 24187.6 30434.8
27345.5 0.023268 11213 8153.69 6956.28 4589.77 51597.7 16635.8 21682 24187.6 30434.8
27345.5 0.023268 11213 8153.69 6956.28 4589.77 51597.7 16635.8 21682 24187.6 30434.8
27345.5 0.023268 11213 8153.69 6956.28 4589.77 51597.7 16635.8 21682 24187.6 30434.8
27345.5 0.023268 11213 8153.69 6956.28 4589.77 51597.7 16635.8 21682 24187.6 30434.8
27345.5 0.023268 11213 8153.69 6956.28 4589.77 51597.7 16635.8 21682 24187.6 30434.8
27345.5 0.023268 11213 8153.69 6956.28 4589.77 51597.7 16635.8 21682 24187.6 30434.8
27345.5 0.023268 11213 8153.69 6956.28 4589.77 51597.7 16635.8 21682 24187.6 30434.8
27345.5 0.023268 11213 8153.69 6956.28 4589.77 51597.7 16635.8 21682 24187.6 30434.8
27345.5 0.023268 11213 8153.69 6956.28 4589.77 51597.7 16635.8 21682 24187.6 30434.8
27345.5 0.023268 11213 8153.69 6956.28 4589.77 51597.7 16635.8 21682 24187.6 30434.8
27345.5 0.023268 11213 8153.69 6956.28 4589.77 51597.7 16635.8 21682 24187.6 30434.8
27345.5 0.023268 11213 8153.69 6956.28 4589.77 51597.7 16635.8 21682 24187.6 30434.8
27345.5 0.023268 11213 8153.69 6956.28 4589.77 51597.7 16635.8 21682 24187.6 30434.8
27345.5 0.023268 11213 8153.69 6956.28 4589.77 51597.7 16635.8 21682 24187.6 30434.8
27345.5 0.023268 11213 8153.69 6956.28 4589.77 51597.7 16635.8 21682 24187.6 30434.8
27345.5 0.023268 11213 8153.69 6956.28 4589.77 51597.7 16635.8 21682 24187.6 30434.8
27345.5 0.023268 11213 8153.69 6956.28 4589.77 51597.7 16635.8 21682 24187.6 30434.8
27345.5 0.023268 11213 8153.69 6956.28 4589.77 51597.7 16635.8 21682 24187.6 30434.8
27345.5 0.023268 11213 8153.69 6956.28 4589.77 51597.7 16635.8 21682 24187.6 30434.8
27345.5 0.023268 11213 8153.69 6956.28 4589.77 51597.7 16635.8 21682 24187.6 30434.8
27345.5 0.023268 11213 8153.69 6956.28 4589.77 51597.7 16635.8 21682 24187.6 30434.8
27345.5 0.023268 11213 8153.69 6956.28 4589.77 51597.7 16635.8 21682 24187.6 30434.8
27345.5 0.023268 11213 8153.69 6956.28 4589.77 51597.7 16635.8 21682 24187.6 30434.8
27345.5 0.023268 11213 8153.69 6956.28 4589.77 51597.7 16635.8 21682 24187.6 30434.8
27345.5 0.023268 11213 8153.69 6956.28 4589.77 51597.7 16635.8 21682 24187.6 30434.8
27345.5 0.023268 11213 8153.69 6956.28 4589.77 51597.7 16635.8 21682 24187.6 30434.8
27345.5 0.023268 11213 8153.69 6956.28 4589.77 51597.7 16635.8 21682 24187.6 30434.8
27345.5 0.023268 11213 8153.69 6956.28 4589.77 51597.7 16635.8 21682 24187.6 30434.8
27345.5 0.023268 11213 8153.69 6956.28 4589.77 51597.7 16635.8 21682 24187.6 30434.8
27345.5 0.023268 11213 8153.69 6956.28 4589.77 51597.7 16635.8 21682 24187.6 30434.8
27345.5 0.023268 11213 8153.69 6956.28 4589.77 51597.7 16635.8 21682 24187.6 30434.8
27345.5 0.023268 11213 8153.69 6956.28 4589.77 51597.7 16635.8 21682 24187.6 30434.8
27345.5 0.023268 11213 8153.69 6956.28 4589.77 51597.7 16635.8 21682 24187.6 30434.8
27345.5 0.023268 11213 8153.69 6956.28 4589.77 51597.7 16635.8 21682 24187.6 30434.8
27345.5 0.023268 11213 8153.69 6956.28 4589.77 51597.7 16635.8 21682 24187.6 30434.8
27345.5 0.023268 11213 8153.69 6956.28 4589.77 51597.7 16635.8 21682 24187.6 30434.8
27345.5 0.023268 11213 8153.69 6956.28 4589.77 51597.7 16635.8 21682 24187.6 30434.8
27345.5 0.023268 11213 8153.69 6956.28 4589.77 51597.7 16635.8 21682 24187.6 30434.8
27345.5 0.023268 11213 8153.69 6956.28 4589.77 51597.7 16635.8 21682 24187.6 30434.8
27345.5 0.023268 11213 8153.69 6956.28 4589.77 51597.7 16635.8 21682 24187.6 30434.8
27345.5 0.023268 11213 8153.69 6956.28 4589.77 51597.7 16635.8 21682 24187.6 30434.8
27345.5 0.023268 11213 8153.69 6956.28 4589.77 51597.7 16635.8 21682 24187.6 30434.8
27345.5 0.023268 11213 8153.69 6956.28 4589.77 51597.7 16635.8 21682 24187.6 30434.8
27345.5 0.023268 11213 8153.69 6956.28 4589.77 51597.7 16635.8 21682 24187.6 30434.8
27345.5 0.023268 11213 8153.69 6956.28 4589.77 51597.7 16635.8 21682 24187.6 30434.8
27345.5 0.023268 11213 8153.69 6956.28 4589.77 51597.7 16635.8 21682 24187.6 30434.8
27345.5 0.023268 11213 8153.69 6956.28 4589.77 51597.7 16635.8 21682 24187.6 30434.8
27345.5 0.023268 11213 8153.69 6956.28 4589.77 51597.7 16635.8 21682 24187.6 30434.8
27345.5 0.0232679 11213 8153.69 6956.27 4589.77 51597.7 16635.8 21682 24187.6 30434.8
27345.5 0.023268 11213 8153.7 6956.28 4589.77 51597.7 16635.8 21682 24187.6 30434.8
27345.5 0.023268 11213 8153.69 6956.28 4589.77 51597.7 16635.8 21682 24187.6 30434.8
27345.5 0.023268 11213 8153.69 6956.28 4589.77 51597.7 16635.8 21682 24187.6 30434.8
27345.5 0.0232679 11213 8153.68 6956.27 4589.77 51597.7 16635.8 21682 24187.6 30434.8
27345.5 0.023268 11213 8153.7 6956.28 4589.77 51597.7 16635.8 21682 24187.6 30434.8
27345.5 0.023268 11213 8153.69 6956.28 4589.77 51597.7 16635.8 21682 24187.6 30434.8
27345.5 0.023268 11213 8153.69 6956.28 4589.77 51597.7 16635.8 21682 24187.6 30434.8
27345.4 0.0232679 11213 8153.68 6956.27 4589.76 51597.7 16635.8 21682 24187.6 30434.8
27345.5 0.023268 11213 8153.7 6956.28 4589.77 51597.7 16635.8 21682 24187.6 30434.8
27345.5 0.023268 11213 8153.69 6956.28 4589.77 51597.7 16635.8 21682 24187.6 30434.8
27345.5 0.023268 11213 8153.69 6956.28 4589.77 51597.7 16635.8 21682 24187.6 30434.8
27345.4 0.0232679 11213 8153.68 6956.26 4589.76 51597.7 16635.8 21682 24187.6 30434.8
27345.5 0.023268 11213 8153.71 6956.29 4589.78 51597.7 16635.8 21682 24187.6 30434.8
27345.5 0.023268 11213 8153.69 6956.28 4589.77 51597.7 16635.8 21682 24187.6 30434.8
27345.5 0.023268 11213 8153.69 6956.28 4589.77 51597.7 16635.8 21682 24187.6 30434.8
27345.3 0.0232679 11213 8153.66 6956.25 4589.75 51597.7 16635.8 21682 24187.6 30434.8
27345.6 0.0232681 11213 8153.72 6956.3 4589.79 51597.7 16635.8 21682 24187.6 30434.8
27345.5 0.0232679 11213 8153.69 6956.27 4589.77 51597.7 16635.8 21682 24187.6 30434.8
27345.5 0.023268 11213 8153.69 6956.28 4589.77 51597.7 16635.8 21682 24187.6 30434.8
27345.2 0.0232678 11212.9 8153.63 6956.22 4589.73 51597.7 16635.8 21682 24187.6 30434.8
27345.7 0.0232681 11213.1 8153.75 6956.33 4589.8 51597.7 16635.8 21682 24187.6 30434.8
27345.5 0.0232679 11213 8153.68 6956.27 4589.77 51597.7 16635.8 21682 24187.6 30434.8
27345.5 0.023268 11213 8153.7 6956.28 4589.77 51597.7 16635.8 21682 24187.6 30434.8
27345.1 0.0232677 11212.9 8153.59 6956.19 4589.71 51597.7 16635.8 21682 24187.6 30434.8
27345.9 0.0232682 11213.1 8153.79 6956.36 4589.83 51597.7 16635.8 21682 24187.6 30434.8
27345.4 0.0232679 11213 8153.68 6956.27 4589.76 51597.7 16635.8 21682 24187.6 30434.8
27345.5 0.023268 11213 8153.7 6956.29 4589.77 51597.7 16635.8 21682 24187.6 30434.8
27345.2 0.0232675 11212.8 8153.53 6956.14 4589.68 51597.7 16635.8 21682 24187.6 30434.8
27345.7 0.0232684 11213.2 8153.85 6956.42 4589.86 51597.7 16635.8 21682 24187.6 30434.8
27345.5 0.0232679 11213 8153.67 6956.26 4589.76 51597.7 16635.8 21682 24187.6 30434.8
27345.5 0.023268 11213 8153.71 6956.29 4589.78 51597.7 16635.8 21682 24187.6 30434.8
27345.5 0.023268 11213 8153.69 6956.28 4589.77 51597.7 16635.8 21682 24187.6 30434.8
27345.5 0.023268 11213 8153.69 6956.28 4589.77 51597.7 16635.8 21682 24187.6 30434.8
27345.5 0.023268 11213 8153.69 6956.28 4589.77 51597.7 16635.8 21682 24187.6 30434.8
27345.5 0.023268 11213 8153.69 6956.28 4589.77 51597.7 16635.8 21682 24187.6 30434.8
27345.8 0.023268 11213 8153.69 6956.28 4589.77 51597.7 16635.8 21682 24187.6 30434.8
27345.2 0.023268 11213 8153.69 6956.28 4589.77 51597.7 16635.8 21682 24187.6 30434.8
27345.5 0.023268 11213 8153.69 6956.28 4589.77 51597.7 16635.8 21682 24187.6 30434.8
27345.5 0.023268 11213 8153.69 6956.28 4589.77 51597.7 16635.8 21682 24187.6 30434.8
27345.5 0.023268 11213 8153.69 6956.28 4589.77 51597.7 16635.8 21682.1 24187.7 30434.9
27345.5 0.0232679 11213 8153.69 6956.27 4589.77 51597.7 16635.8 21682 24187.6 30434.8
27345.5 0.023268 11213 8153.69 6956.28 4589.77 51597.7 16635.8 21682 24187.6 30434.8
27345.5 0.023268 11213 8153.69 6956.28 4589.77 51597.7 16635.8 21682 24187.6 30434.8
27345.5 0.023268 11213 8153.69 6956.28 4589.77 51597.7 16635.8 21682 24187.6 30434.8
27345.5 0.023268 11213 8153.69 6956.28 4589.77 51597.7 16635.8 21682 24187.6 30434.8
27345.5 0.023268 11213 8153.69 6956.28 4589.77 51597.7 16635.8 21682 24187.6 30434.8
27345.5 0.023268 11213 8153.69 6956.28 4589.77 51597.7 16635.8 21682 24187.6 30434.8
27345.5 0.023268 11213 8153.69 6956.28 4589.77 51597.7 16635.8 21682 24187.6 30434.8
