#LANGOSTINO	COLORADO	V-VIII	REGIONES	ESTATUS	2017																																												
#número	de	años																																															
50																																																	
#número	de	edades																																															
5																																																	
#edad	inicial																																																
1																																																	
#delta	edad																																																
1																																																	
#número	de	tallas																																															
43																																																	
#índices	de	abundancia	y	capturas																																													
#Año	Crucero	cv	CPUE	cv	Desemb	cv																																											
1968	0	0.2	0.00	0.2	19023	0.1																																											
1969	0	0.2	0.77	0.2	26781	0.1																																											
1970	0	0.2	1.08	0.2	40398	0.1																																											
1971	0	0.2	1.01	0.2	37577	0.1																																											
1972	0	0.2	1.16	0.2	33142	0.1																																											
1973	0	0.2	1.30	0.2	25273	0.1																																											
1974	0	0.2	1.31	0.2	27218	0.1																																											
1975	0	0.2	1.09	0.2	35862	0.1																																											
1976	0	0.2	0.85	0.2	62662	0.1																																											
1977	0	0.2	0.00	0.2	43370	0.1																																											
1978	0	0.2	0.00	0.2	39523	0.1																																											
1979	25776	0.2	0.00	0.2	28711	0.1																																											
1980	26141	0.2	0.00	0.2	1514	0.1																																											
1981	23310	0.2	0.00	0.2	0.1	0.1																																											
1982	44432	0.2	0.00	0.2	293	0.1																																											
1983	49983	0.2	0.76	0.2	8689	0.1																																											
1984	35940	0.2	0.70	0.2	12092	0.1																																											
1985	0	0.2	0.95	0.2	0.1	0.1																																											
1986	35207	0.2	1.14	0.2	6031	0.1																																											
1987	0	0.2	2.80	0.2	5060	0.1																																											
1988	0	0.2	2.41	0.2	5187	0.1																																											
1989	47321	0.2	0.00	0.2	573	0.1																																											
1990	0	0.2	0.00	0.2	0.1	0.1																																											
1991	38997	0.2	0.00	0.2	346	0.1																																											
1992	0	0.2	0.62	0.2	4002	0.1																																											
1993	75615	0.2	0.84	0.2	3334	0.1																																											
1994	0	0.2	0.00	0.2	2421	0.1																																											
1995	0	0.2	1.19	0.2	4938	0.1																																											
1996	65796	0.2	1.93	0.2	7726	0.1																																											
1997	0	0.2	1.38	0.2	8939	0.1																																											
1998	0	0.2	0.89	0.2	11943	0.1																																											
1999	15024	0.2	0.63	0.2	12077	0.1																																											
2000	5881	0.2	0.30	0.2	8558	0.1																																											
2001	6620	0.2	0.00	0.2	5	0.1																																											
2002	8610	0.2	0.00	0.2	134	0.1																																											
2003	4204	0.2	0.00	0.2	0.1	0.1																																											
2004	9416	0.2	0.00	0.2	32	0.1																																											
2005	11615	0.2	0.00	0.2	34	0.1																																											
2006	43544	0.2	0.00	0.2	48	0.1																																											
2007	60066	0.2	0.00	0.2	72	0.1																																											
2008	65773	0.2	0.00	0.2	170	0.1																																											
2009	51501	0.2	0.00	0.2	2517	0.1																																											
2010	0	0.2	0.00	0.2	1990	0.1																																											
2011	87957	0.2	0.92	0.2	3534	0.1																																											
2012	76788	0.2	0.99	0.2	4990	0.1																																											
2013	53891	0.2	0.64	0.2	6841	0.1																																											
2014	20988	0.2	0.47	0.2	6972	0.1																																											
2015	38153	0.2	0.00	0.2	5741	0.1																																											
2016	39738	0.2	0.00	0.2	4340	0.1																																											
2017	0	0.2	0.50	0.2	4798	0.1	# DESEMBARQUE IGUAL A LA CUOTA 2017																																										
#grupos	de	talla																																															
9	10	11	12	13	14	15	16	17	18	19	20	21	22	23	24	25	26	27	28	29	30	31	32	33	34	35	36	37	38	39	40	41	42	43	44	45	46	47	48	49	50	51							
#Estructura	de	tallas	en	la	captura	-2016																																											
0.0000	0.0000	0.0000	0.0000	0.0000	0.0000	0.0000	0.0000	0.0000	0.0000	0.0000	0.0000	0.0000	0.0000	0.0000	0.0000	0.0000	0.0000	0.0000	0.0000	0.0000	0.0000	0.0000	0.0000	0.0000	0.0000	0.0000	0.0000	0.0000	0.0000	0.0000	0.0000	0.0000	0.0000	0.0000	0.0000	0.0000	0.0000	0.0000	0.0000	0.0000	0.0000	0.0000							
0.0000	0.0000	0.0000	0.0000	0.0000	0.0000	0.0000	0.0000	0.0000	0.0000	0.0000	0.0000	0.0000	0.0000	0.0000	0.0000	0.0000	0.0000	0.0000	0.0000	0.0000	0.0000	0.0000	0.0000	0.0000	0.0000	0.0000	0.0000	0.0000	0.0000	0.0000	0.0000	0.0000	0.0000	0.0000	0.0000	0.0000	0.0000	0.0000	0.0000	0.0000	0.0000	0.0000							
0.0000	0.0001	0.0000	0.0001	0.0000	0.0000	0.0000	0.0001	0.0002	0.0001	0.0004	0.0006	0.0015	0.0026	0.0027	0.0020	0.0012	0.0016	0.0023	0.0027	0.0052	0.0071	0.0085	0.0127	0.0196	0.0454	0.0860	0.1174	0.1442	0.1462	0.1306	0.1072	0.0727	0.0479	0.0194	0.0080	0.0033	0.0004	0.0001	0.0001	0.0000	0.0000	0.0000							
0.0000	0.0001	0.0001	0.0000	0.0000	0.0000	0.0001	0.0000	0.0000	0.0000	0.0001	0.0001	0.0000	0.0005	0.0000	0.0001	0.0003	0.0007	0.0011	0.0009	0.0009	0.0013	0.0024	0.0066	0.0150	0.0232	0.0484	0.0896	0.1297	0.1467	0.1441	0.1307	0.1072	0.0790	0.0458	0.0176	0.0056	0.0015	0.0005	0.0000	0.0000	0.0000	0.0000							
0.0000	0.0002	0.0000	0.0000	0.0001	0.0003	0.0001	0.0000	0.0000	0.0000	0.0001	0.0003	0.0005	0.0009	0.0017	0.0019	0.0012	0.0015	0.0019	0.0024	0.0034	0.0051	0.0080	0.0150	0.0266	0.0507	0.0731	0.0862	0.1159	0.1250	0.1232	0.1074	0.0942	0.0738	0.0448	0.0237	0.0082	0.0020	0.0007	0.0002	0.0001	0.0000	0.0000							
0.0000	0.0001	0.0000	0.0000	0.0003	0.0000	0.0000	0.0002	0.0003	0.0002	0.0002	0.0006	0.0002	0.0006	0.0012	0.0004	0.0009	0.0010	0.0028	0.0049	0.0125	0.0324	0.0571	0.0907	0.0947	0.1023	0.1022	0.0957	0.0922	0.0670	0.0630	0.0564	0.0400	0.0351	0.0242	0.0127	0.0059	0.0016	0.0005	0.0000	0.0000	0.0000	0.0000							
0.0000	0.0001	0.0000	0.0000	0.0001	0.0000	0.0001	0.0001	0.0002	0.0003	0.0004	0.0006	0.0007	0.0013	0.0008	0.0018	0.0011	0.0022	0.0028	0.0063	0.0106	0.0268	0.0474	0.0923	0.1304	0.1377	0.1077	0.0912	0.0829	0.0676	0.0570	0.0478	0.0286	0.0199	0.0148	0.0095	0.0055	0.0021	0.0010	0.0002	0.0000	0.0001	0.0000							
0.0000	0.0001	0.0000	0.0005	0.0043	0.0064	0.0071	0.0080	0.0067	0.0052	0.0042	0.0053	0.0067	0.0084	0.0113	0.0100	0.0098	0.0078	0.0056	0.0076	0.0103	0.0261	0.0461	0.0734	0.0953	0.1074	0.1085	0.0972	0.0901	0.0719	0.0516	0.0366	0.0220	0.0142	0.0122	0.0084	0.0070	0.0038	0.0021	0.0007	0.0003	0.0001	0.0000							
0.0000	0.0001	0.0000	0.0000	0.0003	0.0001	0.0002	0.0003	0.0006	0.0011	0.0016	0.0014	0.0021	0.0016	0.0018	0.0012	0.0012	0.0012	0.0026	0.0059	0.0086	0.0218	0.0434	0.0817	0.1213	0.1359	0.1199	0.1000	0.0911	0.0834	0.0672	0.0496	0.0257	0.0152	0.0068	0.0033	0.0013	0.0004	0.0002	0.0000	0.0000	0.0001	0.0000							
0.0001	0.0001	0.0002	0.0002	0.0000	0.0000	0.0003	0.0009	0.0007	0.0014	0.0035	0.0075	0.0097	0.0167	0.0304	0.0426	0.0588	0.0622	0.0519	0.0461	0.0371	0.0408	0.0403	0.0504	0.0539	0.0572	0.0715	0.0643	0.0610	0.0501	0.0462	0.0373	0.0258	0.0137	0.0060	0.0035	0.0024	0.0017	0.0015	0.0009	0.0008	0.0004	0.0001							
0.0000	0.0001	0.0000	0.0001	0.0001	0.0004	0.0008	0.0016	0.0033	0.0062	0.0098	0.0142	0.0216	0.0329	0.0555	0.0918	0.1240	0.1224	0.1090	0.0819	0.0584	0.0502	0.0439	0.0349	0.0261	0.0226	0.0198	0.0181	0.0173	0.0112	0.0098	0.0059	0.0032	0.0017	0.0006	0.0003	0.0002	0.0001	0.0000	0.0001	0.0000	0.0002	0.0000							
0.0000	0.0000	0.0000	0.0004	0.0004	0.0022	0.0013	0.0044	0.0110	0.0124	0.0238	0.0375	0.0468	0.0693	0.0879	0.0821	0.0715	0.0640	0.0486	0.0428	0.0548	0.0543	0.0561	0.0411	0.0252	0.0221	0.0146	0.0230	0.0238	0.0274	0.0234	0.0137	0.0071	0.0057	0.0009	0.0004	0.0000	0.0000	0.0000	0.0000	0.0000	0.0000	0.0000							
0.0000	0.0005	0.0033	0.0112	0.0231	0.0404	0.0469	0.0364	0.0341	0.0468	0.0466	0.0332	0.0172	0.0145	0.0202	0.0326	0.0628	0.0871	0.0902	0.0793	0.0691	0.0559	0.0417	0.0326	0.0245	0.0177	0.0103	0.0069	0.0054	0.0031	0.0028	0.0019	0.0007	0.0009	0.0003	0.0001	0.0001	0.0000	0.0000	0.0000	0.0000	0.0000	0.0000							
0.0000	0.0003	0.0015	0.0028	0.0058	0.0063	0.0123	0.0227	0.0442	0.0651	0.0645	0.0605	0.0485	0.0456	0.0432	0.0464	0.0573	0.0667	0.0892	0.0820	0.0655	0.0462	0.0384	0.0286	0.0194	0.0120	0.0084	0.0045	0.0031	0.0030	0.0023	0.0019	0.0010	0.0004	0.0002	0.0002	0.0001	0.0000	0.0000	0.0000	0.0000	0.0000	0.0000							
0.0000	0.0001	0.0001	0.0003	0.0008	0.0012	0.0034	0.0079	0.0151	0.0184	0.0130	0.0177	0.0261	0.0420	0.0565	0.0693	0.0715	0.0797	0.0863	0.0697	0.0827	0.0758	0.0603	0.0598	0.0453	0.0352	0.0277	0.0139	0.0092	0.0040	0.0044	0.0014	0.0006	0.0004	0.0002	0.0000	0.0001	0.0000	0.0000	0.0000	0.0000	0.0000	0.0000							
0.0000	0.0000	0.0000	0.0000	0.0000	0.0005	0.0016	0.0067	0.0132	0.0195	0.0264	0.0302	0.0217	0.0203	0.0263	0.0389	0.0529	0.0685	0.0818	0.0731	0.0722	0.0816	0.0613	0.0620	0.0496	0.0523	0.0530	0.0365	0.0265	0.0133	0.0067	0.0017	0.0010	0.0003	0.0003	0.0000	0.0000	0.0000	0.0000	0.0000	0.0000	0.0000	0.0000							
0.0000	0.0001	0.0000	0.0001	0.0003	0.0000	0.0002	0.0002	0.0004	0.0002	0.0004	0.0005	0.0022	0.0077	0.0177	0.0374	0.0592	0.0727	0.0898	0.1100	0.1102	0.0981	0.0805	0.0687	0.0593	0.0515	0.0459	0.0362	0.0258	0.0146	0.0073	0.0021	0.0004	0.0001	0.0002	0.0001	0.0001	0.0002	0.0001	0.0000	0.0000	0.0000	0.0000							
0.0000	0.0000	0.0000	0.0000	0.0000	0.0000	0.0000	0.0000	0.0000	0.0000	0.0000	0.0000	0.0000	0.0008	0.0024	0.0041	0.0186	0.0437	0.0826	0.0964	0.1077	0.0964	0.1036	0.0810	0.0632	0.0785	0.0721	0.0559	0.0389	0.0300	0.0130	0.0089	0.0016	0.0008	0.0000	0.0000	0.0000	0.0000	0.0000	0.0000	0.0000	0.0000	0.0000							
0.0000	0.0000	0.0000	0.0001	0.0000	0.0001	0.0000	0.0000	0.0001	0.0001	0.0004	0.0020	0.0058	0.0116	0.0172	0.0210	0.0232	0.0277	0.0425	0.0772	0.0984	0.1179	0.1088	0.0944	0.0730	0.0625	0.0584	0.0533	0.0430	0.0284	0.0192	0.0091	0.0031	0.0009	0.0004	0.0002	0.0000	0.0000	0.0000	0.0000	0.0000	0.0001	0.0000							
0.0000	0.0000	0.0000	0.0000	0.0000	0.0000	0.0001	0.0001	0.0001	0.0003	0.0006	0.0008	0.0018	0.0023	0.0031	0.0062	0.0108	0.0189	0.0230	0.0318	0.0461	0.0791	0.0984	0.1108	0.0989	0.0931	0.0805	0.0764	0.0769	0.0545	0.0425	0.0269	0.0094	0.0050	0.0011	0.0002	0.0001	0.0001	0.0002	0.0000	0.0001	0.0000	0.0000							
0.0000	0.0001	0.0005	0.0004	0.0010	0.0005	0.0007	0.0005	0.0002	0.0001	0.0001	0.0002	0.0019	0.0069	0.0118	0.0181	0.0231	0.0335	0.0513	0.0638	0.0631	0.0617	0.0588	0.0633	0.0697	0.0728	0.0745	0.0744	0.0686	0.0610	0.0492	0.0334	0.0202	0.0092	0.0032	0.0013	0.0006	0.0002	0.0001	0.0002	0.0001	0.0000	0.0000							
0.0000	0.0000	0.0003	0.0005	0.0019	0.0035	0.0085	0.0181	0.0229	0.0159	0.0101	0.0073	0.0065	0.0201	0.0486	0.0817	0.1029	0.1056	0.1245	0.1114	0.0760	0.0542	0.0331	0.0216	0.0148	0.0136	0.0135	0.0119	0.0112	0.0117	0.0119	0.0133	0.0085	0.0062	0.0045	0.0022	0.0012	0.0004	0.0002	0.0000	0.0000	0.0000	0.0000							
0.0000	0.0000	0.0000	0.0000	0.0000	0.0000	0.0000	0.0000	0.0000	0.0000	0.0000	0.0000	0.0000	0.0000	0.0000	0.0000	0.0000	0.0000	0.0000	0.0000	0.0000	0.0000	0.0000	0.0000	0.0000	0.0000	0.0000	0.0000	0.0000	0.0000	0.0000	0.0000	0.0000	0.0000	0.0000	0.0000	0.0000	0.0000	0.0000	0.0000	0.0000	0.0000	0.0000							
0.0000	0.0000	0.0000	0.0000	0.0000	0.0000	0.0000	0.0000	0.0000	0.0000	0.0000	0.0000	0.0000	0.0000	0.0000	0.0000	0.0000	0.0000	0.0000	0.0000	0.0000	0.0000	0.0000	0.0000	0.0000	0.0000	0.0000	0.0000	0.0000	0.0000	0.0000	0.0000	0.0000	0.0000	0.0000	0.0000	0.0000	0.0000	0.0000	0.0000	0.0000	0.0000	0.0000							
0.0000	0.0000	0.0000	0.0000	0.0000	0.0000	0.0000	0.0000	0.0000	0.0000	0.0000	0.0000	0.0000	0.0001	0.0001	0.0003	0.0013	0.0029	0.0054	0.0126	0.0365	0.0504	0.0886	0.1285	0.1523	0.1355	0.1081	0.0917	0.0688	0.0466	0.0332	0.0195	0.0095	0.0044	0.0025	0.0009	0.0003	0.0001	0.0002	0.0000	0.0000	0.0000	0.0000							
0.0000	0.0000	0.0000	0.0000	0.0000	0.0000	0.0000	0.0000	0.0000	0.0000	0.0000	0.0000	0.0003	0.0004	0.0006	0.0008	0.0015	0.0037	0.0092	0.0184	0.0249	0.0345	0.0467	0.0757	0.1266	0.1434	0.1364	0.1218	0.0889	0.0629	0.0465	0.0293	0.0182	0.0070	0.0022	0.0003	0.0001	0.0000	0.0000	0.0000	0.0000	0.0000	0.0000							
0.0000	0.0000	0.0000	0.0000	0.0000	0.0000	0.0000	0.0000	0.0000	0.0000	0.0000	0.0000	0.0000	0.0002	0.0008	0.0014	0.0022	0.0039	0.0081	0.0234	0.0621	0.1071	0.1265	0.1224	0.1165	0.1039	0.0876	0.0705	0.0472	0.0407	0.0321	0.0217	0.0128	0.0062	0.0018	0.0008	0.0001	0.0000	0.0000	0.0000	0.0000	0.0000	0.0000							
0.0000	0.0000	0.0000	0.0000	0.0000	0.0000	0.0000	0.0000	0.0000	0.0000	0.0000	0.0000	0.0000	0.0000	0.0001	0.0000	0.0004	0.0002	0.0008	0.0008	0.0028	0.0150	0.0693	0.1392	0.1556	0.1317	0.1143	0.1038	0.0794	0.0493	0.0431	0.0450	0.0273	0.0132	0.0057	0.0019	0.0010	0.0000	0.0001	0.0000	0.0000	0.0000	0.0000							
0.0000	0.0000	0.0000	0.0000	0.0000	0.0000	0.0000	0.0000	0.0000	0.0000	0.0000	0.0000	0.0000	0.0000	0.0000	0.0000	0.0000	0.0001	0.0002	0.0017	0.0046	0.0108	0.0205	0.0489	0.1205	0.1775	0.1334	0.0909	0.0884	0.0893	0.0725	0.0507	0.0370	0.0240	0.0140	0.0070	0.0051	0.0018	0.0008	0.0003	0.0000	0.0000	0.0000							
0.0000	0.0000	0.0000	0.0000	0.0000	0.0000	0.0000	0.0000	0.0030	0.0060	0.0030	0.0000	0.0030	0.0030	0.0030	0.0000	0.0000	0.0000	0.0000	0.0001	0.0007	0.0037	0.0129	0.0294	0.0432	0.0610	0.0909	0.1133	0.1113	0.1108	0.1105	0.1033	0.0799	0.0472	0.0286	0.0161	0.0094	0.0042	0.0015	0.0005	0.0001	0.0002	0.0001							
0.0000	0.0000	0.0000	0.0000	0.0000	0.0000	0.0000	0.0000	0.0000	0.0000	0.0000	0.0000	0.0000	0.0000	0.0000	0.0000	0.0000	0.0000	0.0000	0.0001	0.0003	0.0019	0.0106	0.0240	0.0448	0.0835	0.1307	0.1455	0.1412	0.1317	0.1115	0.0814	0.0521	0.0268	0.0090	0.0034	0.0006	0.0001	0.0003	0.0000	0.0006	0.0000	0.0000							
0.0000	0.0000	0.0000	0.0000	0.0000	0.0000	0.0000	0.0000	0.0000	0.0000	0.0000	0.0000	0.0000	0.0001	0.0007	0.0021	0.0044	0.0081	0.0128	0.0192	0.0309	0.0474	0.0587	0.0718	0.0942	0.1045	0.1180	0.1132	0.0980	0.0805	0.0614	0.0357	0.0190	0.0131	0.0047	0.0015	0.0003	0.0000	0.0000	0.0000	0.0000	0.0000	0.0000							
0.0000	0.0000	0.0000	0.0000	0.0001	0.0001	0.0002	0.0002	0.0003	0.0003	0.0005	0.0007	0.0006	0.0005	0.0012	0.0029	0.0088	0.0206	0.0413	0.0640	0.0862	0.1096	0.1130	0.1042	0.0937	0.0836	0.0727	0.0632	0.0467	0.0354	0.0225	0.0158	0.0079	0.0027	0.0007	0.0001	0.0000	0.0000	0.0000	0.0000	0.0000	0.0000	0.0000							
0.0000	0.0000	0.0000	0.0000	0.0000	0.0000	0.0000	0.0000	0.0000	0.0000	0.0000	0.0000	0.0000	0.0000	0.0000	0.0000	0.0000	0.0000	0.0000	0.0000	0.0000	0.0000	0.0000	0.0000	0.0000	0.0000	0.0000	0.0000	0.0000	0.0000	0.0000	0.0000	0.0000	0.0000	0.0000	0.0000	0.0000	0.0000	0.0000	0.0000	0.0000	0.0000	0.0000							
0.0000	0.0000	0.0000	0.0000	0.0000	0.0000	0.0000	0.0000	0.0000	0.0000	0.0000	0.0000	0.0000	0.0000	0.0000	0.0000	0.0000	0.0000	0.0000	0.0000	0.0000	0.0000	0.0000	0.0000	0.0000	0.0000	0.0000	0.0000	0.0000	0.0000	0.0000	0.0000	0.0000	0.0000	0.0000	0.0000	0.0000	0.0000	0.0000	0.0000	0.0000	0.0000	0.0000							
0.0000	0.0000	0.0000	0.0000	0.0000	0.0000	0.0000	0.0000	0.0000	0.0000	0.0000	0.0000	0.0000	0.0000	0.0000	0.0000	0.0000	0.0000	0.0000	0.0000	0.0000	0.0000	0.0000	0.0000	0.0000	0.0000	0.0000	0.0000	0.0000	0.0000	0.0000	0.0000	0.0000	0.0000	0.0000	0.0000	0.0000	0.0000	0.0000	0.0000	0.0000	0.0000	0.0000							
0.0000	0.0000	0.0000	0.0000	0.0000	0.0000	0.0000	0.0000	0.0000	0.0000	0.0000	0.0000	0.0000	0.0000	0.0000	0.0000	0.0000	0.0000	0.0000	0.0000	0.0000	0.0000	0.0000	0.0000	0.0000	0.0000	0.0000	0.0000	0.0000	0.0000	0.0000	0.0000	0.0000	0.0000	0.0000	0.0000	0.0000	0.0000	0.0000	0.0000	0.0000	0.0000	0.0000							
0.0000	0.0000	0.0000	0.0000	0.0000	0.0000	0.0000	0.0000	0.0000	0.0000	0.0000	0.0000	0.0000	0.0000	0.0000	0.0000	0.0000	0.0000	0.0000	0.0000	0.0000	0.0000	0.0000	0.0000	0.0000	0.0000	0.0000	0.0000	0.0000	0.0000	0.0000	0.0000	0.0000	0.0000	0.0000	0.0000	0.0000	0.0000	0.0000	0.0000	0.0000	0.0000	0.0000							
0.0000	0.0000	0.0000	0.0000	0.0000	0.0000	0.0000	0.0000	0.0000	0.0000	0.0000	0.0000	0.0000	0.0000	0.0000	0.0000	0.0000	0.0000	0.0000	0.0000	0.0000	0.0000	0.0000	0.0000	0.0000	0.0000	0.0000	0.0000	0.0000	0.0000	0.0000	0.0000	0.0000	0.0000	0.0000	0.0000	0.0000	0.0000	0.0000	0.0000	0.0000	0.0000	0.0000							
0.0000	0.0000	0.0000	0.0000	0.0000	0.0000	0.0000	0.0000	0.0000	0.0000	0.0000	0.0000	0.0000	0.0000	0.0000	0.0000	0.0000	0.0000	0.0000	0.0000	0.0000	0.0000	0.0000	0.0000	0.0000	0.0000	0.0000	0.0000	0.0000	0.0000	0.0000	0.0000	0.0000	0.0000	0.0000	0.0000	0.0000	0.0000	0.0000	0.0000	0.0000	0.0000	0.0000							
0.0000	0.0000	0.0000	0.0000	0.0000	0.0000	0.0000	0.0000	0.0000	0.0000	0.0000	0.0000	0.0000	0.0000	0.0000	0.0000	0.0000	0.0000	0.0000	0.0000	0.0000	0.0000	0.0000	0.0000	0.0000	0.0000	0.0000	0.0000	0.0000	0.0000	0.0000	0.0000	0.0000	0.0000	0.0000	0.0000	0.0000	0.0000	0.0000	0.0000	0.0000	0.0000	0.0000							
0.0000	0.0000	0.0000	0.0000	0.0000	0.0000	0.0000	0.0000	0.0000	0.0000	0.0000	0.0000	0.0000	0.0000	0.0000	0.0000	0.0000	0.0001	0.0002	0.0003	0.0007	0.0018	0.0128	0.0280	0.0647	0.1033	0.1580	0.1490	0.1326	0.0946	0.0938	0.0603	0.0559	0.0240	0.0128	0.0050	0.0016	0.0004	0.0001	0.0000	0.0000	0.0000	0.0000							
0.0000	0.0000	0.0000	0.0000	0.0000	0.0000	0.0000	0.0000	0.0000	0.0001	0.0001	0.0001	0.0001	0.0000	0.0001	0.0000	0.0001	0.0002	0.0004	0.0009	0.0019	0.0033	0.0089	0.0208	0.0571	0.1121	0.1579	0.1722	0.1389	0.1061	0.0765	0.0569	0.0427	0.0224	0.0123	0.0054	0.0019	0.0007	0.0002	0.0000	0.0000	0.0000	0.0000							
0.0000	0.0000	0.0000	0.0000	0.0000	0.0000	0.0000	0.0000	0.0000	0.0000	0.0000	0.0000	0.0000	0.0000	0.0000	0.0000	0.0001	0.0004	0.0006	0.0009	0.0009	0.0016	0.0026	0.0073	0.0238	0.0511	0.1067	0.1743	0.2050	0.1608	0.1218	0.0707	0.0377	0.0190	0.0093	0.0035	0.0015	0.0002	0.0002	0.0000	0.0000	0.0000	0.0000							
0.0000	0.0000	0.0000	0.0000	0.0000	0.0000	0.0000	0.0000	0.0000	0.0000	0.0000	0.0000	0.0000	0.0000	0.0000	0.0001	0.0002	0.0001	0.0001	0.0001	0.0003	0.0013	0.0023	0.0062	0.0148	0.0344	0.0703	0.1225	0.1568	0.1558	0.1432	0.1154	0.0810	0.0498	0.0242	0.0078	0.0039	0.0010	0.0007	0.0004	0.0019	0.0014	0.0021							
0.0000	0.0000	0.0000	0.0000	0.0000	0.0000	0.0000	0.0000	0.0000	0.0000	0.0000	0.0000	0.0000	0.0000	0.0000	0.0000	0.0000	0.0000	0.0001	0.0016	0.0037	0.0066	0.0083	0.0160	0.0313	0.0487	0.0836	0.1415	0.1823	0.1701	0.1203	0.0842	0.0522	0.0289	0.0134	0.0050	0.0020	0.0002	0.0001	0.0000	0.0000	0.0000	0.0000							
0.0000	0.0000	0.0000	0.0000	0.0000	0.0000	0.0000	0.0000	0.0000	0.0000	0.0000	0.0000	0.0000	0.0000	0.0002	0.0005	0.0011	0.0010	0.0017	0.0026	0.0035	0.0080	0.0116	0.0170	0.0290	0.0458	0.0630	0.1048	0.1416	0.1629	0.1447	0.1064	0.0623	0.0383	0.0228	0.0094	0.0040	0.0019	0.0015	0.0032	0.0046	0.0035	0.0033							
0.0000	0.0000	0.0000	0.0000	0.0000	0.0000	0.0000	0.0001	0.0001	0.0001	0.0002	0.0000	0.0000	0.0002	0.0002	0.0004	0.0006	0.0005	0.0009	0.0021	0.0034	0.0076	0.0129	0.0235	0.0383	0.0596	0.0803	0.1100	0.1125	0.1256	0.1198	0.1157	0.0813	0.0485	0.0258	0.0149	0.0077	0.0042	0.0020	0.0008	0.0004	0.0001	0.0000							
0.0000	0.0000	0.0000	0.0000	0.0000	0.0000	0.0001	0.0000	0.0000	0.0000	0.0000	0.0000	0.0002	0.0005	0.0008	0.0010	0.0024	0.0022	0.0025	0.0012	0.0013	0.0032	0.0069	0.0128	0.0194	0.0362	0.0523	0.0776	0.1035	0.1100	0.1189	0.1320	0.1211	0.0972	0.0587	0.0230	0.0107	0.0021	0.0017	0.0006	0.0001	0.0000	0.0000							
0.0000	0.0000	0.0000	0.0000	0.0000	0.0000	0.0000	0.0000	0.0000	0.0000	0.0000	0.0000	0.0000	0.0000	0.0000	0.0000	0.0002	0.0002	0.0003	0.0016	0.0030	0.0088	0.0169	0.0283	0.0433	0.0543	0.0685	0.0706	0.0840	0.0870	0.0923	0.1039	0.0950	0.0972	0.0697	0.0450	0.0180	0.0079	0.0030	0.0005	0.0004	0.0001	0.0000							
#Estructura	de	tallas	en	los	cruceros	de	evaluación	directa																																									
0.0000	0.0000	0.0000	0.0000	0.0000	0.0000	0.0000	0.0000	0.0000	0.0000	0.0000	0.0000	0.0000	0.0000	0.0000	0.0000	0.0000	0.0000	0.0000	0.0000	0.0000	0.0000	0.0000	0.0000	0.0000	0.0000	0.0000	0.0000	0.0000	0.0000	0.0000	0.0000	0.0000	0.0000	0.0000	0.0000	0.0000	0.0000	0.0000	0.0000	0.0000	0.0000	0.0000							
0.0000	0.0000	0.0000	0.0000	0.0000	0.0000	0.0000	0.0000	0.0000	0.0000	0.0000	0.0000	0.0000	0.0000	0.0000	0.0000	0.0000	0.0000	0.0000	0.0000	0.0000	0.0000	0.0000	0.0000	0.0000	0.0000	0.0000	0.0000	0.0000	0.0000	0.0000	0.0000	0.0000	0.0000	0.0000	0.0000	0.0000	0.0000	0.0000	0.0000	0.0000	0.0000	0.0000							
0.0000	0.0000	0.0000	0.0000	0.0000	0.0000	0.0000	0.0000	0.0000	0.0000	0.0000	0.0000	0.0000	0.0000	0.0000	0.0000	0.0000	0.0000	0.0000	0.0000	0.0000	0.0000	0.0000	0.0000	0.0000	0.0000	0.0000	0.0000	0.0000	0.0000	0.0000	0.0000	0.0000	0.0000	0.0000	0.0000	0.0000	0.0000	0.0000	0.0000	0.0000	0.0000	0.0000							
0.0000	0.0000	0.0000	0.0000	0.0000	0.0000	0.0000	0.0000	0.0000	0.0000	0.0000	0.0000	0.0000	0.0000	0.0000	0.0000	0.0000	0.0000	0.0000	0.0000	0.0000	0.0000	0.0000	0.0000	0.0000	0.0000	0.0000	0.0000	0.0000	0.0000	0.0000	0.0000	0.0000	0.0000	0.0000	0.0000	0.0000	0.0000	0.0000	0.0000	0.0000	0.0000	0.0000							
0.0000	0.0000	0.0000	0.0000	0.0000	0.0000	0.0000	0.0000	0.0000	0.0000	0.0000	0.0000	0.0000	0.0000	0.0000	0.0000	0.0000	0.0000	0.0000	0.0000	0.0000	0.0000	0.0000	0.0000	0.0000	0.0000	0.0000	0.0000	0.0000	0.0000	0.0000	0.0000	0.0000	0.0000	0.0000	0.0000	0.0000	0.0000	0.0000	0.0000	0.0000	0.0000	0.0000							
0.0000	0.0000	0.0000	0.0000	0.0000	0.0000	0.0000	0.0000	0.0000	0.0000	0.0000	0.0000	0.0000	0.0000	0.0000	0.0000	0.0000	0.0000	0.0000	0.0000	0.0000	0.0000	0.0000	0.0000	0.0000	0.0000	0.0000	0.0000	0.0000	0.0000	0.0000	0.0000	0.0000	0.0000	0.0000	0.0000	0.0000	0.0000	0.0000	0.0000	0.0000	0.0000	0.0000							
0.0000	0.0000	0.0000	0.0000	0.0000	0.0000	0.0000	0.0000	0.0000	0.0000	0.0000	0.0000	0.0000	0.0000	0.0000	0.0000	0.0000	0.0000	0.0000	0.0000	0.0000	0.0000	0.0000	0.0000	0.0000	0.0000	0.0000	0.0000	0.0000	0.0000	0.0000	0.0000	0.0000	0.0000	0.0000	0.0000	0.0000	0.0000	0.0000	0.0000	0.0000	0.0000	0.0000							
0.0000	0.0000	0.0000	0.0000	0.0000	0.0000	0.0000	0.0000	0.0000	0.0000	0.0000	0.0000	0.0000	0.0000	0.0000	0.0000	0.0000	0.0000	0.0000	0.0000	0.0000	0.0000	0.0000	0.0000	0.0000	0.0000	0.0000	0.0000	0.0000	0.0000	0.0000	0.0000	0.0000	0.0000	0.0000	0.0000	0.0000	0.0000	0.0000	0.0000	0.0000	0.0000	0.0000							
0.0000	0.0000	0.0000	0.0000	0.0000	0.0000	0.0000	0.0000	0.0000	0.0000	0.0000	0.0000	0.0000	0.0000	0.0000	0.0000	0.0000	0.0000	0.0000	0.0000	0.0000	0.0000	0.0000	0.0000	0.0000	0.0000	0.0000	0.0000	0.0000	0.0000	0.0000	0.0000	0.0000	0.0000	0.0000	0.0000	0.0000	0.0000	0.0000	0.0000	0.0000	0.0000	0.0000							
0.0000	0.0000	0.0000	0.0000	0.0000	0.0000	0.0000	0.0000	0.0000	0.0000	0.0000	0.0000	0.0000	0.0000	0.0000	0.0000	0.0000	0.0000	0.0000	0.0000	0.0000	0.0000	0.0000	0.0000	0.0000	0.0000	0.0000	0.0000	0.0000	0.0000	0.0000	0.0000	0.0000	0.0000	0.0000	0.0000	0.0000	0.0000	0.0000	0.0000	0.0000	0.0000	0.0000							
0.0000	0.0000	0.0000	0.0000	0.0000	0.0000	0.0000	0.0000	0.0000	0.0000	0.0000	0.0000	0.0000	0.0000	0.0000	0.0000	0.0000	0.0000	0.0000	0.0000	0.0000	0.0000	0.0000	0.0000	0.0000	0.0000	0.0000	0.0000	0.0000	0.0000	0.0000	0.0000	0.0000	0.0000	0.0000	0.0000	0.0000	0.0000	0.0000	0.0000	0.0000	0.0000	0.0000							
0.0000	0.0000	0.0000	0.0000	0.0058	0.0039	0.0039	0.0173	0.0347	0.0308	0.0443	0.0617	0.0655	0.0520	0.0867	0.0540	0.0578	0.0597	0.0366	0.0289	0.0328	0.0385	0.0270	0.0270	0.0135	0.0154	0.0116	0.0462	0.0366	0.0405	0.0366	0.0096	0.0116	0.0077	0.0000	0.0019	0.0000	0.0000	0.0000	0.0000	0.0000	0.0000	0.0000							
0.0000	0.0000	0.0000	0.0000	0.0000	0.0000	0.0000	0.0000	0.0000	0.0000	0.0000	0.0000	0.0000	0.0000	0.0000	0.0000	0.0000	0.0000	0.0000	0.0000	0.0000	0.0000	0.0000	0.0000	0.0000	0.0000	0.0000	0.0000	0.0000	0.0000	0.0000	0.0000	0.0000	0.0000	0.0000	0.0000	0.0000	0.0000	0.0000	0.0000	0.0000	0.0000	0.0000							
0.0000	0.0006	0.0021	0.0034	0.0063	0.0077	0.0149	0.0289	0.0531	0.0696	0.0632	0.0568	0.0475	0.0448	0.0431	0.0513	0.0582	0.0779	0.0901	0.0783	0.0576	0.0404	0.0370	0.0243	0.0154	0.0104	0.0062	0.0038	0.0021	0.0020	0.0014	0.0009	0.0006	0.0001	0.0001	0.0000	0.0000	0.0000	0.0000	0.0000	0.0000	0.0000	0.0000							
0.0000	0.0018	0.0037	0.0070	0.0095	0.0083	0.0094	0.0153	0.0256	0.0315	0.0367	0.0446	0.0542	0.0692	0.0691	0.0832	0.0818	0.0850	0.0893	0.0714	0.0671	0.0532	0.0284	0.0200	0.0117	0.0096	0.0063	0.0023	0.0019	0.0009	0.0010	0.0004	0.0004	0.0003	0.0002	0.0000	0.0000	0.0000	0.0000	0.0000	0.0000	0.0000	0.0000							
0.0000	0.0013	0.0043	0.0073	0.0116	0.0174	0.0249	0.0197	0.0196	0.0236	0.0326	0.0407	0.0368	0.0459	0.0498	0.0625	0.0739	0.0721	0.0806	0.0721	0.0748	0.0864	0.0545	0.0408	0.0199	0.0125	0.0069	0.0038	0.0021	0.0008	0.0004	0.0003	0.0001	0.0000	0.0001	0.0000	0.0000	0.0000	0.0000	0.0000	0.0000	0.0000	0.0000							
0.0000	0.0000	0.0000	0.0000	0.0000	0.0000	0.0000	0.0000	0.0000	0.0000	0.0000	0.0000	0.0000	0.0000	0.0000	0.0000	0.0000	0.0000	0.0000	0.0000	0.0000	0.0000	0.0000	0.0000	0.0000	0.0000	0.0000	0.0000	0.0000	0.0000	0.0000	0.0000	0.0000	0.0000	0.0000	0.0000	0.0000	0.0000	0.0000	0.0000	0.0000	0.0000	0.0000							
0.0000	0.0000	0.0000	0.0000	0.0000	0.0000	0.0000	0.0000	0.0000	0.0000	0.0000	0.0000	0.0000	0.0000	0.0000	0.0000	0.0000	0.0000	0.0000	0.0000	0.0000	0.0000	0.0000	0.0000	0.0000	0.0000	0.0000	0.0000	0.0000	0.0000	0.0000	0.0000	0.0000	0.0000	0.0000	0.0000	0.0000	0.0000	0.0000	0.0000	0.0000	0.0000	0.0000							
0.0000	0.0000	0.0000	0.0000	0.0000	0.0000	0.0000	0.0000	0.0000	0.0000	0.0000	0.0000	0.0000	0.0000	0.0000	0.0000	0.0000	0.0000	0.0000	0.0000	0.0000	0.0000	0.0000	0.0000	0.0000	0.0000	0.0000	0.0000	0.0000	0.0000	0.0000	0.0000	0.0000	0.0000	0.0000	0.0000	0.0000	0.0000	0.0000	0.0000	0.0000	0.0000	0.0000							
0.0000	0.0000	0.0000	0.0000	0.0000	0.0000	0.0000	0.0000	0.0000	0.0000	0.0000	0.0000	0.0000	0.0000	0.0000	0.0000	0.0000	0.0000	0.0000	0.0000	0.0000	0.0000	0.0000	0.0000	0.0000	0.0000	0.0000	0.0000	0.0000	0.0000	0.0000	0.0000	0.0000	0.0000	0.0000	0.0000	0.0000	0.0000	0.0000	0.0000	0.0000	0.0000	0.0000							
0.0000	0.0000	0.0000	0.0000	0.0000	0.0000	0.0000	0.0000	0.0000	0.0000	0.0000	0.0000	0.0000	0.0000	0.0000	0.0000	0.0000	0.0000	0.0000	0.0000	0.0000	0.0000	0.0000	0.0000	0.0000	0.0000	0.0000	0.0000	0.0000	0.0000	0.0000	0.0000	0.0000	0.0000	0.0000	0.0000	0.0000	0.0000	0.0000	0.0000	0.0000	0.0000	0.0000							
0.0000	0.0000	0.0001	0.0006	0.0021	0.0065	0.0176	0.0349	0.0240	0.0105	0.0045	0.0043	0.0104	0.0305	0.0615	0.0804	0.0859	0.0957	0.1209	0.1097	0.0760	0.0485	0.0258	0.0186	0.0125	0.0136	0.0143	0.0152	0.0147	0.0164	0.0151	0.0142	0.0070	0.0054	0.0020	0.0008	0.0000	0.0000	0.0000	0.0000	0.0000	0.0000	0.0000							
0.0000	0.0000	0.0000	0.0000	0.0000	0.0000	0.0000	0.0000	0.0000	0.0000	0.0000	0.0000	0.0000	0.0000	0.0000	0.0000	0.0000	0.0000	0.0000	0.0000	0.0000	0.0000	0.0000	0.0000	0.0000	0.0000	0.0000	0.0000	0.0000	0.0000	0.0000	0.0000	0.0000	0.0000	0.0000	0.0000	0.0000	0.0000	0.0000	0.0000	0.0000	0.0000	0.0000							
0.0000	0.0000	0.0000	0.0000	0.0000	0.0000	0.0000	0.0000	0.0007	0.0031	0.0111	0.0216	0.0419	0.0604	0.0635	0.0654	0.0472	0.0408	0.0305	0.0276	0.0328	0.0371	0.0487	0.0683	0.0627	0.0664	0.0560	0.0573	0.0440	0.0325	0.0310	0.0177	0.0127	0.0074	0.0069	0.0029	0.0020	0.0000	0.0000	0.0000	0.0000	0.0000	0.0000							
0.0000	0.0000	0.0000	0.0000	0.0000	0.0000	0.0000	0.0000	0.0000	0.0000	0.0000	0.0000	0.0000	0.0000	0.0000	0.0000	0.0000	0.0000	0.0000	0.0000	0.0000	0.0000	0.0000	0.0000	0.0000	0.0000	0.0000	0.0000	0.0000	0.0000	0.0000	0.0000	0.0000	0.0000	0.0000	0.0000	0.0000	0.0000	0.0000	0.0000	0.0000	0.0000	0.0000							
0.0000	0.0000	0.0000	0.0000	0.0001	0.0005	0.0015	0.0043	0.0056	0.0085	0.0095	0.0123	0.0164	0.0182	0.0225	0.0272	0.0326	0.0431	0.0601	0.0783	0.0868	0.0750	0.0647	0.0455	0.0475	0.0471	0.0450	0.0536	0.0492	0.0485	0.0401	0.0246	0.0176	0.0080	0.0039	0.0019	0.0004	0.0001	0.0001	0.0000	0.0000	0.0000	0.0000							
0.0000	0.0000	0.0000	0.0000	0.0000	0.0000	0.0000	0.0000	0.0000	0.0000	0.0000	0.0000	0.0000	0.0000	0.0000	0.0000	0.0000	0.0000	0.0000	0.0000	0.0000	0.0000	0.0000	0.0000	0.0000	0.0000	0.0000	0.0000	0.0000	0.0000	0.0000	0.0000	0.0000	0.0000	0.0000	0.0000	0.0000	0.0000	0.0000	0.0000	0.0000	0.0000	0.0000							
0.0000	0.0000	0.0000	0.0000	0.0000	0.0000	0.0000	0.0000	0.0000	0.0000	0.0000	0.0000	0.0000	0.0000	0.0000	0.0000	0.0000	0.0000	0.0000	0.0000	0.0000	0.0000	0.0000	0.0000	0.0000	0.0000	0.0000	0.0000	0.0000	0.0000	0.0000	0.0000	0.0000	0.0000	0.0000	0.0000	0.0000	0.0000	0.0000	0.0000	0.0000	0.0000	0.0000							
0.0000	0.0000	0.0001	0.0005	0.0010	0.0006	0.0012	0.0016	0.0016	0.0021	0.0043	0.0090	0.0145	0.0181	0.0210	0.0236	0.0291	0.0331	0.0290	0.0232	0.0373	0.0443	0.0621	0.0614	0.0490	0.0561	0.0604	0.0559	0.0618	0.0675	0.0727	0.0632	0.0396	0.0244	0.0137	0.0080	0.0060	0.0018	0.0008	0.0003	0.0001	0.0001	0.0001							
0.0000	0.0000	0.0000	0.0000	0.0000	0.0000	0.0000	0.0000	0.0000	0.0000	0.0000	0.0000	0.0000	0.0000	0.0000	0.0000	0.0000	0.0000	0.0000	0.0000	0.0000	0.0000	0.0000	0.0000	0.0000	0.0000	0.0000	0.0000	0.0000	0.0000	0.0000	0.0000	0.0000	0.0000	0.0000	0.0000	0.0000	0.0000	0.0000	0.0000	0.0000	0.0000	0.0000							
0.0000	0.0000	0.0000	0.0000	0.0000	0.0000	0.0000	0.0000	0.0000	0.0000	0.0000	0.0000	0.0000	0.0000	0.0000	0.0000	0.0000	0.0000	0.0000	0.0000	0.0000	0.0000	0.0000	0.0000	0.0000	0.0000	0.0000	0.0000	0.0000	0.0000	0.0000	0.0000	0.0000	0.0000	0.0000	0.0000	0.0000	0.0000	0.0000	0.0000	0.0000	0.0000	0.0000							
0.0000	0.0000	0.0005	0.0005	0.0000	0.0001	0.0000	0.0000	0.0000	0.0000	0.0004	0.0012	0.0016	0.0050	0.0119	0.0187	0.0380	0.0524	0.0775	0.0868	0.0730	0.0503	0.0431	0.0436	0.0568	0.0826	0.0822	0.0693	0.0632	0.0518	0.0433	0.0274	0.0133	0.0027	0.0024	0.0005	0.0001	0.0000	0.0001	0.0000	0.0000	0.0000	0.0000							
0.0000	0.0000	0.0000	0.0000	0.0000	0.0001	0.0002	0.0002	0.0001	0.0001	0.0002	0.0001	0.0004	0.0002	0.0031	0.0003	0.0043	0.0010	0.0032	0.0074	0.0121	0.0223	0.0475	0.0933	0.0990	0.1372	0.1145	0.1341	0.0864	0.0727	0.0629	0.0378	0.0363	0.0128	0.0082	0.0022	0.0000	0.0000	0.0000	0.0000	0.0000	0.0000	0.0000							
0.0000	0.0000	0.0003	0.0000	0.0000	0.0003	0.0003	0.0037	0.0124	0.0361	0.0521	0.0662	0.0890	0.0778	0.0719	0.0570	0.0427	0.0281	0.0162	0.0133	0.0083	0.0055	0.0158	0.0231	0.0398	0.0419	0.0353	0.0482	0.0549	0.0449	0.0380	0.0281	0.0308	0.0079	0.0057	0.0036	0.0010	0.0000	0.0000	0.0000	0.0000	0.0000	0.0000							
0.0000	0.0000	0.0002	0.0006	0.0011	0.0008	0.0013	0.0020	0.0060	0.0117	0.0202	0.0317	0.0484	0.0764	0.1199	0.1357	0.1334	0.1073	0.0759	0.0528	0.0409	0.0173	0.0166	0.0136	0.0152	0.0109	0.0126	0.0086	0.0095	0.0047	0.0073	0.0062	0.0049	0.0030	0.0021	0.0010	0.0005	0.0000	0.0000	0.0000	0.0000	0.0000	0.0000							
0.0000	0.0000	0.0001	0.0002	0.0001	0.0003	0.0020	0.0049	0.0123	0.0279	0.0586	0.0791	0.0906	0.0825	0.0860	0.0785	0.0786	0.0807	0.0720	0.0697	0.0552	0.0387	0.0198	0.0147	0.0091	0.0083	0.0078	0.0055	0.0068	0.0041	0.0025	0.0026	0.0007	0.0004	0.0000	0.0000	0.0000	0.0000	0.0000	0.0000	0.0000	0.0000	0.0000							
0.0000	0.0000	0.0012	0.0035	0.0088	0.0154	0.0242	0.0287	0.0309	0.0435	0.0561	0.0471	0.0456	0.0430	0.0439	0.0503	0.0582	0.0682	0.0755	0.0720	0.0662	0.0569	0.0522	0.0367	0.0262	0.0179	0.0120	0.0081	0.0027	0.0015	0.0010	0.0010	0.0006	0.0002	0.0003	0.0002	0.0000	0.0001	0.0000	0.0000	0.0000	0.0000	0.0001							
0.0000	0.0000	0.0000	0.0004	0.0006	0.0005	0.0018	0.0078	0.0341	0.0535	0.0672	0.0540	0.0526	0.0530	0.0754	0.0399	0.0452	0.0473	0.0808	0.0408	0.0643	0.0305	0.0348	0.0637	0.0665	0.0271	0.0246	0.0165	0.0108	0.0029	0.0021	0.0009	0.0004	0.0001	0.0000	0.0000	0.0000	0.0000	0.0000	0.0000	0.0000	0.0000	0.0000							
0.0000	0.0000	0.0000	0.0000	0.0000	0.0000	0.0000	0.0027	0.0059	0.0103	0.0289	0.0497	0.0686	0.0976	0.1163	0.1111	0.0950	0.0866	0.0696	0.0550	0.0418	0.0368	0.0337	0.0221	0.0224	0.0136	0.0107	0.0080	0.0040	0.0040	0.0030	0.0014	0.0010	0.0004	0.0000	0.0000	0.0000	0.0000	0.0000	0.0000	0.0000	0.0000	0.0000							
0.0000	0.0000	0.0000	0.0000	0.0000	0.0001	0.0002	0.0003	0.0004	0.0003	0.0018	0.0058	0.0121	0.0203	0.0334	0.0414	0.0646	0.0658	0.0651	0.0678	0.0610	0.0579	0.0605	0.0578	0.0668	0.0603	0.0609	0.0534	0.0465	0.0397	0.0249	0.0154	0.0090	0.0033	0.0017	0.0008	0.0007	0.0001	0.0000	0.0000	0.0000	0.0000	0.0000							
0.0000	0.0000	0.0000	0.0000	0.0000	0.0001	0.0003	0.0009	0.0017	0.0029	0.0034	0.0029	0.0060	0.0108	0.0186	0.0308	0.0467	0.0753	0.0804	0.0892	0.0870	0.0730	0.0690	0.0762	0.0645	0.0587	0.0463	0.0349	0.0318	0.0187	0.0198	0.0137	0.0126	0.0154	0.0045	0.0019	0.0014	0.0005	0.0001	0.0001	0.0001	0.0001	0.0001							
0.0000	0.0000	0.0000	0.0000	0.0000	0.0000	0.0000	0.0004	0.0005	0.0013	0.0012	0.0015	0.0031	0.0051	0.0059	0.0119	0.0120	0.0156	0.0215	0.0377	0.0587	0.0578	0.0528	0.0637	0.0596	0.0768	0.0946	0.0768	0.0996	0.0619	0.0505	0.0326	0.0257	0.0343	0.0175	0.0113	0.0054	0.0013	0.0010	0.0002	0.0002	0.0001	0.0001							
0.0000	0.0000	0.0000	0.0000	0.0000	0.0000	0.0000	0.0000	0.0000	0.0000	0.0000	0.0000	0.0000	0.0000	0.0000	0.0000	0.0000	0.0000	0.0000	0.0000	0.0000	0.0000	0.0000	0.0000	0.0000	0.0000	0.0000	0.0000	0.0000	0.0000	0.0000	0.0000	0.0000	0.0000	0.0000	0.0000	0.0000	0.0000	0.0000	0.0000	0.0000	0.0000	0.0000							
0.0000	0.0000	0.0000	0.0000	0.0000	0.0001	0.0002	0.0002	0.0007	0.0040	0.0087	0.0191	0.0190	0.0161	0.0167	0.0299	0.0588	0.0613	0.0491	0.0341	0.0317	0.0221	0.0223	0.0297	0.0404	0.0506	0.0640	0.0795	0.0833	0.0825	0.0632	0.0448	0.0303	0.0177	0.0094	0.0048	0.0019	0.0008	0.0003	0.0001	0.0001	0.0001	0.0026							
0.0000	0.0000	0.0000	0.0000	0.0000	0.0000	0.0000	0.0000	0.0001	0.0000	0.0002	0.0005	0.0012	0.0019	0.0029	0.0041	0.0062	0.0096	0.0160	0.0271	0.0311	0.0345	0.0384	0.0341	0.0305	0.0330	0.0460	0.0688	0.0881	0.1151	0.1176	0.1043	0.0797	0.0508	0.0297	0.0143	0.0061	0.0038	0.0023	0.0012	0.0006	0.0003	0.0001							
0.0000	0.0000	0.0000	0.0000	0.0000	0.0000	0.0000	0.0000	0.0000	0.0000	0.0001	0.0005	0.0010	0.0019	0.0019	0.0040	0.0087	0.0137	0.0237	0.0256	0.0335	0.0364	0.0575	0.0782	0.0837	0.0802	0.0712	0.0711	0.0712	0.0771	0.0676	0.0632	0.0600	0.0386	0.0192	0.0069	0.0025	0.0007	0.0002	0.0000	0.0000	0.0000	0.0000							
0.0000	0.0000	0.0000	0.0001	0.0001	0.0001	0.0001	0.0002	0.0006	0.0016	0.0031	0.0041	0.0071	0.0065	0.0059	0.0043	0.0041	0.0045	0.0084	0.0161	0.0206	0.0227	0.0258	0.0296	0.0364	0.0404	0.0563	0.0715	0.0803	0.1031	0.1214	0.1020	0.0844	0.0551	0.0377	0.0217	0.0118	0.0062	0.0030	0.0014	0.0012	0.0007	0.0000							
0.0000	0.0000	0.0000	0.0002	0.0002	0.0012	0.0033	0.0079	0.0118	0.0133	0.0200	0.0256	0.0381	0.0478	0.0566	0.0549	0.0532	0.0467	0.0417	0.0340	0.0290	0.0261	0.0253	0.0251	0.0269	0.0324	0.0286	0.0333	0.0376	0.0447	0.0545	0.0577	0.0458	0.0340	0.0189	0.0107	0.0054	0.0030	0.0023	0.0013	0.0010	0.0000	0.0002							
0.0000	0.0000	0.0000	0.0000	0.0000	0.0009	0.0031	0.0042	0.0114	0.0153	0.0241	0.0357	0.0465	0.0612	0.0736	0.0707	0.0649	0.0548	0.0515	0.0531	0.0549	0.0574	0.0506	0.0382	0.0294	0.0247	0.0243	0.0211	0.0213	0.0193	0.0187	0.0181	0.0162	0.0132	0.0096	0.0056	0.0029	0.0018	0.0008	0.0004	0.0004	0.0001	0.0000							
0.0000	0.0000	0.0000	0.0000	0.0000	0.0000	0.0000	0.0000	0.0000	0.0000	0.0000	0.0000	0.0000	0.0000	0.0000	0.0000	0.0000	0.0000	0.0000	0.0000	0.0000	0.0000	0.0000	0.0000	0.0000	0.0000	0.0000	0.0000	0.0000	0.0000	0.0000	0.0000	0.0000	0.0000	0.0000	0.0000	0.0000	0.0000	0.0000	0.0000	0.0000	0.0000	0.0000							
#pesos	medios	a	la	talla																																													
0.5398	0.7224	0.9409	1.1982	1.4972	1.8408	2.2319	2.6732	3.1676	3.7178	4.3268	4.9971	5.7316	6.533	7.404	8.3474	9.3657	10.4616	11.638	12.8973	14.2422	15.6755	17.1997	18.8174	20.5312	22.3438	24.2578	26.2757	28.4001	30.6336	32.9787	35.4381	38.0143	40.7098	43.5272	46.469	49.5378	52.736	56.0662	59.5309	63.1327	66.8739	70.7572							
0.5398	0.7224	0.9409	1.1982	1.4972	1.8408	2.2319	2.6732	3.1676	3.7178	4.3268	4.9971	5.7316	6.533	7.404	8.3474	9.3657	10.4616	11.638	12.8973	14.2422	15.6755	17.1997	18.8174	20.5312	22.3438	24.2578	26.2757	28.4001	30.6336	32.9787	35.4381	38.0143	40.7098	43.5272	46.469	49.5378	52.736	56.0662	59.5309	63.1327	66.8739	70.7572							
0.5398	0.7224	0.9409	1.1982	1.4972	1.8408	2.2319	2.6732	3.1676	3.7178	4.3268	4.9971	5.7316	6.533	7.404	8.3474	9.3657	10.4616	11.638	12.8973	14.2422	15.6755	17.1997	18.8174	20.5312	22.3438	24.2578	26.2757	28.4001	30.6336	32.9787	35.4381	38.0143	40.7098	43.5272	46.469	49.5378	52.736	56.0662	59.5309	63.1327	66.8739	70.7572							
0.5398	0.7224	0.9409	1.1982	1.4972	1.8408	2.2319	2.6732	3.1676	3.7178	4.3268	4.9971	5.7316	6.533	7.404	8.3474	9.3657	10.4616	11.638	12.8973	14.2422	15.6755	17.1997	18.8174	20.5312	22.3438	24.2578	26.2757	28.4001	30.6336	32.9787	35.4381	38.0143	40.7098	43.5272	46.469	49.5378	52.736	56.0662	59.5309	63.1327	66.8739	70.7572							
0.5398	0.7224	0.9409	1.1982	1.4972	1.8408	2.2319	2.6732	3.1676	3.7178	4.3268	4.9971	5.7316	6.533	7.404	8.3474	9.3657	10.4616	11.638	12.8973	14.2422	15.6755	17.1997	18.8174	20.5312	22.3438	24.2578	26.2757	28.4001	30.6336	32.9787	35.4381	38.0143	40.7098	43.5272	46.469	49.5378	52.736	56.0662	59.5309	63.1327	66.8739	70.7572							
0.5398	0.7224	0.9409	1.1982	1.4972	1.8408	2.2319	2.6732	3.1676	3.7178	4.3268	4.9971	5.7316	6.533	7.404	8.3474	9.3657	10.4616	11.638	12.8973	14.2422	15.6755	17.1997	18.8174	20.5312	22.3438	24.2578	26.2757	28.4001	30.6336	32.9787	35.4381	38.0143	40.7098	43.5272	46.469	49.5378	52.736	56.0662	59.5309	63.1327	66.8739	70.7572							
0.5398	0.7224	0.9409	1.1982	1.4972	1.8408	2.2319	2.6732	3.1676	3.7178	4.3268	4.9971	5.7316	6.533	7.404	8.3474	9.3657	10.4616	11.638	12.8973	14.2422	15.6755	17.1997	18.8174	20.5312	22.3438	24.2578	26.2757	28.4001	30.6336	32.9787	35.4381	38.0143	40.7098	43.5272	46.469	49.5378	52.736	56.0662	59.5309	63.1327	66.8739	70.7572							
0.5398	0.7224	0.9409	1.1982	1.4972	1.8408	2.2319	2.6732	3.1676	3.7178	4.3268	4.9971	5.7316	6.533	7.404	8.3474	9.3657	10.4616	11.638	12.8973	14.2422	15.6755	17.1997	18.8174	20.5312	22.3438	24.2578	26.2757	28.4001	30.6336	32.9787	35.4381	38.0143	40.7098	43.5272	46.469	49.5378	52.736	56.0662	59.5309	63.1327	66.8739	70.7572							
0.5398	0.7224	0.9409	1.1982	1.4972	1.8408	2.2319	2.6732	3.1676	3.7178	4.3268	4.9971	5.7316	6.533	7.404	8.3474	9.3657	10.4616	11.638	12.8973	14.2422	15.6755	17.1997	18.8174	20.5312	22.3438	24.2578	26.2757	28.4001	30.6336	32.9787	35.4381	38.0143	40.7098	43.5272	46.469	49.5378	52.736	56.0662	59.5309	63.1327	66.8739	70.7572							
0.5398	0.7224	0.9409	1.1982	1.4972	1.8408	2.2319	2.6732	3.1676	3.7178	4.3268	4.9971	5.7316	6.533	7.404	8.3474	9.3657	10.4616	11.638	12.8973	14.2422	15.6755	17.1997	18.8174	20.5312	22.3438	24.2578	26.2757	28.4001	30.6336	32.9787	35.4381	38.0143	40.7098	43.5272	46.469	49.5378	52.736	56.0662	59.5309	63.1327	66.8739	70.7572							
0.5398	0.7224	0.9409	1.1982	1.4972	1.8408	2.2319	2.6732	3.1676	3.7178	4.3268	4.9971	5.7316	6.533	7.404	8.3474	9.3657	10.4616	11.638	12.8973	14.2422	15.6755	17.1997	18.8174	20.5312	22.3438	24.2578	26.2757	28.4001	30.6336	32.9787	35.4381	38.0143	40.7098	43.5272	46.469	49.5378	52.736	56.0662	59.5309	63.1327	66.8739	70.7572							
0.5398	0.7224	0.9409	1.1982	1.4972	1.8408	2.2319	2.6732	3.1676	3.7178	4.3268	4.9971	5.7316	6.533	7.404	8.3474	9.3657	10.4616	11.638	12.8973	14.2422	15.6755	17.1997	18.8174	20.5312	22.3438	24.2578	26.2757	28.4001	30.6336	32.9787	35.4381	38.0143	40.7098	43.5272	46.469	49.5378	52.736	56.0662	59.5309	63.1327	66.8739	70.7572							
0.5398	0.7224	0.9409	1.1982	1.4972	1.8408	2.2319	2.6732	3.1676	3.7178	4.3268	4.9971	5.7316	6.533	7.404	8.3474	9.3657	10.4616	11.638	12.8973	14.2422	15.6755	17.1997	18.8174	20.5312	22.3438	24.2578	26.2757	28.4001	30.6336	32.9787	35.4381	38.0143	40.7098	43.5272	46.469	49.5378	52.736	56.0662	59.5309	63.1327	66.8739	70.7572							
0.5398	0.7224	0.9409	1.1982	1.4972	1.8408	2.2319	2.6732	3.1676	3.7178	4.3268	4.9971	5.7316	6.533	7.404	8.3474	9.3657	10.4616	11.638	12.8973	14.2422	15.6755	17.1997	18.8174	20.5312	22.3438	24.2578	26.2757	28.4001	30.6336	32.9787	35.4381	38.0143	40.7098	43.5272	46.469	49.5378	52.736	56.0662	59.5309	63.1327	66.8739	70.7572							
0.5398	0.7224	0.9409	1.1982	1.4972	1.8408	2.2319	2.6732	3.1676	3.7178	4.3268	4.9971	5.7316	6.533	7.404	8.3474	9.3657	10.4616	11.638	12.8973	14.2422	15.6755	17.1997	18.8174	20.5312	22.3438	24.2578	26.2757	28.4001	30.6336	32.9787	35.4381	38.0143	40.7098	43.5272	46.469	49.5378	52.736	56.0662	59.5309	63.1327	66.8739	70.7572							
0.5398	0.7224	0.9409	1.1982	1.4972	1.8408	2.2319	2.6732	3.1676	3.7178	4.3268	4.9971	5.7316	6.533	7.404	8.3474	9.3657	10.4616	11.638	12.8973	14.2422	15.6755	17.1997	18.8174	20.5312	22.3438	24.2578	26.2757	28.4001	30.6336	32.9787	35.4381	38.0143	40.7098	43.5272	46.469	49.5378	52.736	56.0662	59.5309	63.1327	66.8739	70.7572							
0.5398	0.7224	0.9409	1.1982	1.4972	1.8408	2.2319	2.6732	3.1676	3.7178	4.3268	4.9971	5.7316	6.533	7.404	8.3474	9.3657	10.4616	11.638	12.8973	14.2422	15.6755	17.1997	18.8174	20.5312	22.3438	24.2578	26.2757	28.4001	30.6336	32.9787	35.4381	38.0143	40.7098	43.5272	46.469	49.5378	52.736	56.0662	59.5309	63.1327	66.8739	70.7572							
0.5398	0.7224	0.9409	1.1982	1.4972	1.8408	2.2319	2.6732	3.1676	3.7178	4.3268	4.9971	5.7316	6.533	7.404	8.3474	9.3657	10.4616	11.638	12.8973	14.2422	15.6755	17.1997	18.8174	20.5312	22.3438	24.2578	26.2757	28.4001	30.6336	32.9787	35.4381	38.0143	40.7098	43.5272	46.469	49.5378	52.736	56.0662	59.5309	63.1327	66.8739	70.7572							
0.5398	0.7224	0.9409	1.1982	1.4972	1.8408	2.2319	2.6732	3.1676	3.7178	4.3268	4.9971	5.7316	6.533	7.404	8.3474	9.3657	10.4616	11.638	12.8973	14.2422	15.6755	17.1997	18.8174	20.5312	22.3438	24.2578	26.2757	28.4001	30.6336	32.9787	35.4381	38.0143	40.7098	43.5272	46.469	49.5378	52.736	56.0662	59.5309	63.1327	66.8739	70.7572							
0.5398	0.7224	0.9409	1.1982	1.4972	1.8408	2.2319	2.6732	3.1676	3.7178	4.3268	4.9971	5.7316	6.533	7.404	8.3474	9.3657	10.4616	11.638	12.8973	14.2422	15.6755	17.1997	18.8174	20.5312	22.3438	24.2578	26.2757	28.4001	30.6336	32.9787	35.4381	38.0143	40.7098	43.5272	46.469	49.5378	52.736	56.0662	59.5309	63.1327	66.8739	70.7572							
0.5398	0.7224	0.9409	1.1982	1.4972	1.8408	2.2319	2.6732	3.1676	3.7178	4.3268	4.9971	5.7316	6.533	7.404	8.3474	9.3657	10.4616	11.638	12.8973	14.2422	15.6755	17.1997	18.8174	20.5312	22.3438	24.2578	26.2757	28.4001	30.6336	32.9787	35.4381	38.0143	40.7098	43.5272	46.469	49.5378	52.736	56.0662	59.5309	63.1327	66.8739	70.7572							
0.5398	0.7224	0.9409	1.1982	1.4972	1.8408	2.2319	2.6732	3.1676	3.7178	4.3268	4.9971	5.7316	6.533	7.404	8.3474	9.3657	10.4616	11.638	12.8973	14.2422	15.6755	17.1997	18.8174	20.5312	22.3438	24.2578	26.2757	28.4001	30.6336	32.9787	35.4381	38.0143	40.7098	43.5272	46.469	49.5378	52.736	56.0662	59.5309	63.1327	66.8739	70.7572							
0.5398	0.7224	0.9409	1.1982	1.4972	1.8408	2.2319	2.6732	3.1676	3.7178	4.3268	4.9971	5.7316	6.533	7.404	8.3474	9.3657	10.4616	11.638	12.8973	14.2422	15.6755	17.1997	18.8174	20.5312	22.3438	24.2578	26.2757	28.4001	30.6336	32.9787	35.4381	38.0143	40.7098	43.5272	46.469	49.5378	52.736	56.0662	59.5309	63.1327	66.8739	70.7572							
0.5398	0.7224	0.9409	1.1982	1.4972	1.8408	2.2319	2.6732	3.1676	3.7178	4.3268	4.9971	5.7316	6.533	7.404	8.3474	9.3657	10.4616	11.638	12.8973	14.2422	15.6755	17.1997	18.8174	20.5312	22.3438	24.2578	26.2757	28.4001	30.6336	32.9787	35.4381	38.0143	40.7098	43.5272	46.469	49.5378	52.736	56.0662	59.5309	63.1327	66.8739	70.7572							
0.5398	0.7224	0.9409	1.1982	1.4972	1.8408	2.2319	2.6732	3.1676	3.7178	4.3268	4.9971	5.7316	6.533	7.404	8.3474	9.3657	10.4616	11.638	12.8973	14.2422	15.6755	17.1997	18.8174	20.5312	22.3438	24.2578	26.2757	28.4001	30.6336	32.9787	35.4381	38.0143	40.7098	43.5272	46.469	49.5378	52.736	56.0662	59.5309	63.1327	66.8739	70.7572							
0.5398	0.7224	0.9409	1.1982	1.4972	1.8408	2.2319	2.6732	3.1676	3.7178	4.3268	4.9971	5.7316	6.533	7.404	8.3474	9.3657	10.4616	11.638	12.8973	14.2422	15.6755	17.1997	18.8174	20.5312	22.3438	24.2578	26.2757	28.4001	30.6336	32.9787	35.4381	38.0143	40.7098	43.5272	46.469	49.5378	52.736	56.0662	59.5309	63.1327	66.8739	70.7572							
0.5398	0.7224	0.9409	1.1982	1.4972	1.8408	2.2319	2.6732	3.1676	3.7178	4.3268	4.9971	5.7316	6.533	7.404	8.3474	9.3657	10.4616	11.638	12.8973	14.2422	15.6755	17.1997	18.8174	20.5312	22.3438	24.2578	26.2757	28.4001	30.6336	32.9787	35.4381	38.0143	40.7098	43.5272	46.469	49.5378	52.736	56.0662	59.5309	63.1327	66.8739	70.7572							
0.5398	0.7224	0.9409	1.1982	1.4972	1.8408	2.2319	2.6732	3.1676	3.7178	4.3268	4.9971	5.7316	6.533	7.404	8.3474	9.3657	10.4616	11.638	12.8973	14.2422	15.6755	17.1997	18.8174	20.5312	22.3438	24.2578	26.2757	28.4001	30.6336	32.9787	35.4381	38.0143	40.7098	43.5272	46.469	49.5378	52.736	56.0662	59.5309	63.1327	66.8739	70.7572							
0.5398	0.7224	0.9409	1.1982	1.4972	1.8408	2.2319	2.6732	3.1676	3.7178	4.3268	4.9971	5.7316	6.533	7.404	8.3474	9.3657	10.4616	11.638	12.8973	14.2422	15.6755	17.1997	18.8174	20.5312	22.3438	24.2578	26.2757	28.4001	30.6336	32.9787	35.4381	38.0143	40.7098	43.5272	46.469	49.5378	52.736	56.0662	59.5309	63.1327	66.8739	70.7572							
0.5398	0.7224	0.9409	1.1982	1.4972	1.8408	2.2319	2.6732	3.1676	3.7178	4.3268	4.9971	5.7316	6.533	7.404	8.3474	9.3657	10.4616	11.638	12.8973	14.2422	15.6755	17.1997	18.8174	20.5312	22.3438	24.2578	26.2757	28.4001	30.6336	32.9787	35.4381	38.0143	40.7098	43.5272	46.469	49.5378	52.736	56.0662	59.5309	63.1327	66.8739	70.7572							
0.5398	0.7224	0.9409	1.1982	1.4972	1.8408	2.2319	2.6732	3.1676	3.7178	4.3268	4.9971	5.7316	6.533	7.404	8.3474	9.3657	10.4616	11.638	12.8973	14.2422	15.6755	17.1997	18.8174	20.5312	22.3438	24.2578	26.2757	28.4001	30.6336	32.9787	35.4381	38.0143	40.7098	43.5272	46.469	49.5378	52.736	56.0662	59.5309	63.1327	66.8739	70.7572							
0.5398	0.7224	0.9409	1.1982	1.4972	1.8408	2.2319	2.6732	3.1676	3.7178	4.3268	4.9971	5.7316	6.533	7.404	8.3474	9.3657	10.4616	11.638	12.8973	14.2422	15.6755	17.1997	18.8174	20.5312	22.3438	24.2578	26.2757	28.4001	30.6336	32.9787	35.4381	38.0143	40.7098	43.5272	46.469	49.5378	52.736	56.0662	59.5309	63.1327	66.8739	70.7572							
0.5398	0.7224	0.9409	1.1982	1.4972	1.8408	2.2319	2.6732	3.1676	3.7178	4.3268	4.9971	5.7316	6.533	7.404	8.3474	9.3657	10.4616	11.638	12.8973	14.2422	15.6755	17.1997	18.8174	20.5312	22.3438	24.2578	26.2757	28.4001	30.6336	32.9787	35.4381	38.0143	40.7098	43.5272	46.469	49.5378	52.736	56.0662	59.5309	63.1327	66.8739	70.7572							
0.5398	0.7224	0.9409	1.1982	1.4972	1.8408	2.2319	2.6732	3.1676	3.7178	4.3268	4.9971	5.7316	6.533	7.404	8.3474	9.3657	10.4616	11.638	12.8973	14.2422	15.6755	17.1997	18.8174	20.5312	22.3438	24.2578	26.2757	28.4001	30.6336	32.9787	35.4381	38.0143	40.7098	43.5272	46.469	49.5378	52.736	56.0662	59.5309	63.1327	66.8739	70.7572							
0.5398	0.7224	0.9409	1.1982	1.4972	1.8408	2.2319	2.6732	3.1676	3.7178	4.3268	4.9971	5.7316	6.533	7.404	8.3474	9.3657	10.4616	11.638	12.8973	14.2422	15.6755	17.1997	18.8174	20.5312	22.3438	24.2578	26.2757	28.4001	30.6336	32.9787	35.4381	38.0143	40.7098	43.5272	46.469	49.5378	52.736	56.0662	59.5309	63.1327	66.8739	70.7572							
0.5398	0.7224	0.9409	1.1982	1.4972	1.8408	2.2319	2.6732	3.1676	3.7178	4.3268	4.9971	5.7316	6.533	7.404	8.3474	9.3657	10.4616	11.638	12.8973	14.2422	15.6755	17.1997	18.8174	20.5312	22.3438	24.2578	26.2757	28.4001	30.6336	32.9787	35.4381	38.0143	40.7098	43.5272	46.469	49.5378	52.736	56.0662	59.5309	63.1327	66.8739	70.7572							
0.5398	0.7224	0.9409	1.1982	1.4972	1.8408	2.2319	2.6732	3.1676	3.7178	4.3268	4.9971	5.7316	6.533	7.404	8.3474	9.3657	10.4616	11.638	12.8973	14.2422	15.6755	17.1997	18.8174	20.5312	22.3438	24.2578	26.2757	28.4001	30.6336	32.9787	35.4381	38.0143	40.7098	43.5272	46.469	49.5378	52.736	56.0662	59.5309	63.1327	66.8739	70.7572							
0.5398	0.7224	0.9409	1.1982	1.4972	1.8408	2.2319	2.6732	3.1676	3.7178	4.3268	4.9971	5.7316	6.533	7.404	8.3474	9.3657	10.4616	11.638	12.8973	14.2422	15.6755	17.1997	18.8174	20.5312	22.3438	24.2578	26.2757	28.4001	30.6336	32.9787	35.4381	38.0143	40.7098	43.5272	46.469	49.5378	52.736	56.0662	59.5309	63.1327	66.8739	70.7572							
0.5398	0.7224	0.9409	1.1982	1.4972	1.8408	2.2319	2.6732	3.1676	3.7178	4.3268	4.9971	5.7316	6.533	7.404	8.3474	9.3657	10.4616	11.638	12.8973	14.2422	15.6755	17.1997	18.8174	20.5312	22.3438	24.2578	26.2757	28.4001	30.6336	32.9787	35.4381	38.0143	40.7098	43.5272	46.469	49.5378	52.736	56.0662	59.5309	63.1327	66.8739	70.7572							
0.5398	0.7224	0.9409	1.1982	1.4972	1.8408	2.2319	2.6732	3.1676	3.7178	4.3268	4.9971	5.7316	6.533	7.404	8.3474	9.3657	10.4616	11.638	12.8973	14.2422	15.6755	17.1997	18.8174	20.5312	22.3438	24.2578	26.2757	28.4001	30.6336	32.9787	35.4381	38.0143	40.7098	43.5272	46.469	49.5378	52.736	56.0662	59.5309	63.1327	66.8739	70.7572							
0.5398	0.7224	0.9409	1.1982	1.4972	1.8408	2.2319	2.6732	3.1676	3.7178	4.3268	4.9971	5.7316	6.533	7.404	8.3474	9.3657	10.4616	11.638	12.8973	14.2422	15.6755	17.1997	18.8174	20.5312	22.3438	24.2578	26.2757	28.4001	30.6336	32.9787	35.4381	38.0143	40.7098	43.5272	46.469	49.5378	52.736	56.0662	59.5309	63.1327	66.8739	70.7572							
0.5398	0.7224	0.9409	1.1982	1.4972	1.8408	2.2319	2.6732	3.1676	3.7178	4.3268	4.9971	5.7316	6.533	7.404	8.3474	9.3657	10.4616	11.638	12.8973	14.2422	15.6755	17.1997	18.8174	20.5312	22.3438	24.2578	26.2757	28.4001	30.6336	32.9787	35.4381	38.0143	40.7098	43.5272	46.469	49.5378	52.736	56.0662	59.5309	63.1327	66.8739	70.7572							
0.5398	0.7224	0.9409	1.1982	1.4972	1.8408	2.2319	2.6732	3.1676	3.7178	4.3268	4.9971	5.7316	6.533	7.404	8.3474	9.3657	10.4616	11.638	12.8973	14.2422	15.6755	17.1997	18.8174	20.5312	22.3438	24.2578	26.2757	28.4001	30.6336	32.9787	35.4381	38.0143	40.7098	43.5272	46.469	49.5378	52.736	56.0662	59.5309	63.1327	66.8739	70.7572							
0.5398	0.7224	0.9409	1.1982	1.4972	1.8408	2.2319	2.6732	3.1676	3.7178	4.3268	4.9971	5.7316	6.533	7.404	8.3474	9.3657	10.4616	11.638	12.8973	14.2422	15.6755	17.1997	18.8174	20.5312	22.3438	24.2578	26.2757	28.4001	30.6336	32.9787	35.4381	38.0143	40.7098	43.5272	46.469	49.5378	52.736	56.0662	59.5309	63.1327	66.8739	70.7572							
0.5398	0.7224	0.9409	1.1982	1.4972	1.8408	2.2319	2.6732	3.1676	3.7178	4.3268	4.9971	5.7316	6.533	7.404	8.3474	9.3657	10.4616	11.638	12.8973	14.2422	15.6755	17.1997	18.8174	20.5312	22.3438	24.2578	26.2757	28.4001	30.6336	32.9787	35.4381	38.0143	40.7098	43.5272	46.469	49.5378	52.736	56.0662	59.5309	63.1327	66.8739	70.7572							
0.5398	0.7224	0.9409	1.1982	1.4972	1.8408	2.2319	2.6732	3.1676	3.7178	4.3268	4.9971	5.7316	6.533	7.404	8.3474	9.3657	10.4616	11.638	12.8973	14.2422	15.6755	17.1997	18.8174	20.5312	22.3438	24.2578	26.2757	28.4001	30.6336	32.9787	35.4381	38.0143	40.7098	43.5272	46.469	49.5378	52.736	56.0662	59.5309	63.1327	66.8739	70.7572							
0.5398	0.7224	0.9409	1.1982	1.4972	1.8408	2.2319	2.6732	3.1676	3.7178	4.3268	4.9971	5.7316	6.533	7.404	8.3474	9.3657	10.4616	11.638	12.8973	14.2422	15.6755	17.1997	18.8174	20.5312	22.3438	24.2578	26.2757	28.4001	30.6336	32.9787	35.4381	38.0143	40.7098	43.5272	46.469	49.5378	52.736	56.0662	59.5309	63.1327	66.8739	70.7572							
0.5398	0.7224	0.9409	1.1982	1.4972	1.8408	2.2319	2.6732	3.1676	3.7178	4.3268	4.9971	5.7316	6.533	7.404	8.3474	9.3657	10.4616	11.638	12.8973	14.2422	15.6755	17.1997	18.8174	20.5312	22.3438	24.2578	26.2757	28.4001	30.6336	32.9787	35.4381	38.0143	40.7098	43.5272	46.469	49.5378	52.736	56.0662	59.5309	63.1327	66.8739	70.7572							
0.5398	0.7224	0.9409	1.1982	1.4972	1.8408	2.2319	2.6732	3.1676	3.7178	4.3268	4.9971	5.7316	6.533	7.404	8.3474	9.3657	10.4616	11.638	12.8973	14.2422	15.6755	17.1997	18.8174	20.5312	22.3438	24.2578	26.2757	28.4001	30.6336	32.9787	35.4381	38.0143	40.7098	43.5272	46.469	49.5378	52.736	56.0662	59.5309	63.1327	66.8739	70.7572							
0.5398	0.7224	0.9409	1.1982	1.4972	1.8408	2.2319	2.6732	3.1676	3.7178	4.3268	4.9971	5.7316	6.533	7.404	8.3474	9.3657	10.4616	11.638	12.8973	14.2422	15.6755	17.1997	18.8174	20.5312	22.3438	24.2578	26.2757	28.4001	30.6336	32.9787	35.4381	38.0143	40.7098	43.5272	46.469	49.5378	52.736	56.0662	59.5309	63.1327	66.8739	70.7572							
#	madurez	a	la	talla																																													
0.0001	0.0002	0.0003	0.0005	0.0008	0.0013	0.0022	0.0036	0.006	0.0098	0.0161	0.0264	0.0429	0.0689	0.1089	0.168	0.2501	0.3553	0.4765	0.6006	0.713	0.8041	0.8715	0.918	0.9487	0.9683	0.9806	0.9882	0.9928	0.9956	0.9974	0.9984	0.999	0.9994	0.9996	0.9998	0.9999	0.9999	1	1	1	1	1							
#################																																																	
##	CONTROLES																																																
#___________________________________________________________																																																	
#	CV's	estimacion	de	parametros																																													
#No	Rt	k	q_cru	A50f	M																																												
0.5	0.5	0.2	0.5	0.5	0.1																																												
#dev_qcru	dev_qCPUE																																																
0.1	10.5																																																
#_____________________________________________________																																																	
#	nm	tallas																																															
#	Flota	Cruceros																																															
101	145																																																
#	Fases	de	estimación	capturabilidad																																													
#_____________________________________________________																																																	
#	(opt_qCrucero	<0	es	q=1)	capturabilidad	Crucero																																											
4																																																	
#	Años	y	fase	con	cambio	en	qCru	(si	>0)																																								
#1968	1969	1970	1971	1972	1973	1974	1975	1976	1977	1978	1979	1980	1981	1982	1983	1984	1985	1986	1987	1988	1989	1990	1991	1992	1993	1994	1995	1996	1997	1998	1999	2000	2001	2002	2003	2004	2005	2006	2007	2008	2009	2010	2011	2012	2013	2014	2015	2016	2017
#	base	sin	cambios																																														
#-1	-1	-1	-1	-1	-1	-1	-1	-1	-1	-1	-1	-1	-1	-1	-1	-1	-1	-1	-1	-1	-1	-1	-1	-1	-1	-1	-1	-1	-1	-1	-1	-1	-1	-1	-1	-1	-1	-1	-1	-1	-1	-1	-1	-1	-1	-1	-1	-1	-1
#	base	con	cambios	2004																																													
-1	-1	-1	-1	-1	-1	-1	-1	-1	-1	-1	-1	-1	-1	-1	-1	-1	-1	-1	-1	-1	-1	-1	-1	-1	-1	-1	-1	-1	-1	-1	-1	-1	-1	-1	-1	6	-1	-1	-1	-1	-1	-1	-1	-1	-1	-1	-1	-1	-1
#-1	-1	-1	-1	-1	-1	-1	-1	-1	-1	-1	5	-1	-1	-1	-1	-1	-1	-1	-1	-1	-1	-1	-1	-1	5	-1	-1	-1	-1	-1	-1	-1	-1	-1	-1	-1	-1	5	-1	-1	-1	-1	-1	-1	-1	-1	5	-1	-1
#	(opt_qCPUE)	capturabilidad	CPUE																																														
5																																																	
#	Años	y	fase	con	cambio	en	qCPUE	(si	>0)																																								
#1968	1969	1970	1971	1972	1973	1974	1975	1976	1977	1978	1979	1980	1981	1982	1983	1984	1985	1986	1987	1988	1989	1990	1991	1992	1993	1994	1995	1996	1997	1998	1999	2000	2001	2002	2003	2004	2005	2006	2007	2008	2009	2010	2011	2012	2013	2014	2015	2016	2017
-1	-1	-1	-1	-1	-1	-1	-1	-1	-1	-1	-1	-1	-1	-1	-1	-1	-1	-1	-1	-1	-1	-1	-1	-1	-1	-1	-1	-1	-1	-1	-1	-1	-1	-1	-1	-1	-1	-1	-1	-1	-1	-1	-1	-1	-1	-1	-1	-1	-1
#	Fases	estimación	(Selectividad)																																														
#_____________________________________________________																																																	
#	(opt_Sel1)	Fase	estimacion	patron	de	explotacion	promedio)																																										
2																																																	
#	(opt_Sel2)	Fase	desvios	en	la	selectividad	de	la	flota	(variable	si	>0)																																					
#	Considerando	el	FIP	99-18																																													
#1968	1969	1970	1971	1972	1973	1974	1975	1976	1977	1978	1979	1980	1981	1982	1983	1984	1985	1986	1987	1988	1989	1990	1991	1992	1993	1994	1995	1996	1997	1998	1999	2000	2001	2002	2003	2004	2005	2006	2007	2008	2009	2010	2011	2012	2013	2014	2015	2016	2017
#-1	-1	-1	-1	-1	4	-1	4	-1	4	-1	-1	-1	-1	-1	-1	4	-1	-1	-1	-1	-1	-1	-1	-1	-1	-1	4	-1	-1	-1	-1	-1	-1	-1	-1	-1	-1	-1	-1	-1	-1	-1	-1	-1	-1	-1	-1	-1	-1
-1	-1	-1	-1	-1	4	-1	4	-1	4	-1	-1	4	-1	-1	-1	4	-1	-1	4	4	-1	-1	-1	-1	-1	-1	-1	-1	-1	-1	-1	-1	-1	-1	-1	-1	-1	-1	-1	-1	-1	-1	-1	-1	-1	-1	-1	-1	-1
#sin	cambios	en	la	selectividad																																													
#-1	-1	-1	-1	-1	-1	-1	-1	-1	-1	-1	-1	-1	-1	-1	-1	-1	-1	-1	-1	-1	-1	-1	-1	-1	-1	-1	-1	-1	-1	-1	-1	-1	-1	-1	-1	-1	-1	-1	-1	-1	-1	-1	-1	-1	-1	-1	-1	-1	-1
#	(opt_Sel3)	Fase	Selectividad	flota	2N	unica																																											
-2																																																	
#	(opt_Sel4)	Fase	Selectividad	cruceros																																													
4																																																	
#	(opt_Sel5)	Sin	Selectividad	cruceros	(si	es	>0)																																										
-1																																																	
#_____________________________________________________																																																	
#Parámetros	biológicos																																																
#	Loo	k	Lo	M																																													
52	0.22	18	0.35																																														
#_____________________________________________________																																																	
#	Fases	estimación	de	parámetros	de	crecimiento																																											
#	(opt_VB1)	fase	de	estimacion	de	Lo	(es	la	primera	talla	modal)																																						
-2																																																	
#	(opt_VB2)	fase	de	estimacion	desviacion	proporcional	con	la	talla	(cv_edad)																																							
-3																																																	
#	(opt_VB3)	fase	de	estimacion	de	desviacion	constante	(sd_edad)																																									
3																																																	
#	(opt_VB4)	fase	de	estimacion	de	desviacion	independiente	con	la	talla																																							
-2																																																	
#	(opt_VB5)	fase	de	estimacion	de	k																																											
3																																																	
#_____________________________________________________																																																	
#	opciones	de	estimación	de	parámetros	poblacionales																																											
#	(opt_Rmed)	fase	de	estimación	de	Rmed																																											
1																																																	
#	(opt_devR)	fase	estimacion																																														
1																																																	
#	(opt_devNo)	Fase	estimacion	desvios	de	No	(<0	en	equilibrio)																																								
1																																																	
#	(opt_F)	Fase	de	estimacion	de	F																																											
2																																																	
#	(opt_M)	fase	de	estimacion	de	M																																											
-3																																																	
#_____________________________________________________																																																	
#	Opciones	de	proyección																																														
#	Yrs	proy																																															
20																																																	
#	n	pbr																																															
5
# Proyección de capturas ante distintos niveles de Reclutamiento (1.0 proporcional al reclutamiento medio)
1.5																																																
#F30	F0	Fsq	F45	F40																																													
0.0001  0.67    0.52    0.65    1.04
#Estrategia	de	explotacion	(1=cte,	0=rampa)																																													
1
