# Number of parameters = 250  Objective function value = 6083.37  Maximum gradient component = 0.00578490
# log_L50m:
 3.21158
# log_sigma1m:
 0.689360
# log_sigma2m:
 4.60468
# log_L50h:
 3.31768
# log_sigma1h:
 1.07239
# log_sigma2h:
 4.60529
# log_Ro:
7.19845326601
# log_pRm:
-0.693140000000
# dev_log_Ro:
 0.00160801742918 0.00228483759627 0.00325172084290 0.00464704525025 0.00664558165423 0.00952443262388 0.0136649530112 0.0196416816591 0.0282262287673 0.0404612070472 0.0567449684636 0.0790919458568 0.109998145843 0.154072650100 0.216744033969 0.309715672109 0.435174838853 0.640127365028 0.769396086709 0.671326829785 0.428670044981 0.149295270388 0.807129966420 0.450572084089 0.873912861214 0.158155180092 -0.0478992238652 0.705384662840 0.588731523836 0.384071826138 -0.954265441777 -0.888150648412 -0.606011924107 0.347192091490 -0.238542683889 -0.614345304109 -1.17016046452 -0.799796104607 -0.610066494687 -0.641680612145 -0.402229019037 -0.0504784591244 -0.0790530546454 -0.124410831388 -0.110252828587 0.00464190773780 0.336666684269 0.296958665237 -0.0835908522631 -0.534318781650 -1.08888961501 -1.46218605021 -0.495691043777 0.372046831091 0.152347361402 -0.0324863061946 0.504807727540 0.345015905398 -0.0237342182739 0.295222240679 0.310719687694 0.215097578118 0.0388424830753 0.212708154541 0.461062060855 -0.0883594455516 -0.475276407923 -0.155400944950 0.367770712590 -0.0243951467919 -0.572957142978 -0.00493847184980 0.000149731539999 4.60364726466e-005
# dev_log_Nom:
 9.62005664480e-005 6.88182594146e-005 4.71458624229e-005 3.25962733285e-005 2.37046407889e-005 3.94651395847e-005
# dev_log_Noh:
 0.000989171183008 0.000691629353495 0.000478255553112 0.000333150491175 0.000237018875865 0.000380293587030
# log_Fm:
 -6.22022018137 -6.32233818535 -5.87697328100 -6.79781923557 -6.87883997794 -7.18100423760 -7.59702724392 -7.28634351420 -7.12512181481 -5.77186644965 -6.15593016876 -5.64866181114 -5.53785199576 -4.45477008596 -3.81739854696 -2.49445224078 -2.61955799810 -1.99645342988 -2.15981668987 -1.69759072656 -1.74114818382 -0.991960299297 -1.08697278324 -0.950890408297 -1.00330893190 -0.864406151234 -0.723861246250 -0.904780987625 -0.831011831776 -0.750976939834 -0.534449051980 -0.766568305492 -0.698257455755 -0.200000003158 -0.775709219909 -0.944183999560 -0.982463803131 -1.07699611399 -0.378712900960 -1.36364003193 -1.98716103447 -1.57943027077 -1.24901755318 -1.07370352170 -0.982886554835 -0.727498620470 -0.626711592192 -0.547069427650 -0.640424908527 -0.313640945258 -0.239654259412 -0.223378152052 -0.262441695553 -0.200000004117 -0.200000001472 -1.30938244908 -1.66933403804 -2.38189600310 -2.46023552576 -2.68848774654 -2.47203086894 -2.19390622869 -2.18720220234 -2.25853565869 -2.29605161055 -2.06008044656 -2.04269324540 -2.32848642953 -2.27160478095 -2.22106550128 -2.03987669999 -1.97322729123 -2.04562075265 -1.62983088599
# log_Fh:
 -5.84738829328 -5.95315765635 -5.51003210224 -6.43239714930 -6.51457752217 -6.81756334450 -7.23421488221 -6.92394840781 -6.76292283748 -5.40931485451 -5.79282819418 -5.28496789742 -5.17327003934 -4.08797453235 -3.44568897400 -2.10663904826 -2.21029137521 -1.56242115215 -1.69976481331 -1.21483523034 -1.23338429282 -0.464603351436 -0.527180910378 -0.383293935560 -0.397481563370 -0.224155285866 -0.200000021934 -0.381783489468 -0.445132634720 -0.391806926672 -0.200000170150 -0.499436743661 -0.474227180193 -0.200000001915 -0.567999889305 -0.656338198044 -0.466862597750 -0.692884402351 -0.200000007863 -0.593956824477 -0.870080114039 -0.853097073586 -0.537698229906 -0.424668897030 -0.361885951803 -0.200000553263 -0.200000019353 -0.200000016439 -0.269819484403 -0.200000010449 -0.200000004739 -0.211271114578 -0.200000002424 -0.200000004699 -0.200000000865 -0.664624888222 -1.18420287136 -1.92083158291 -1.86920973452 -2.07900934000 -1.88951845956 -1.77802161904 -1.73598490790 -1.76999577691 -1.78498363486 -1.68682855460 -1.78744244788 -1.95302818355 -1.87433595447 -1.74858030728 -1.45738848195 -1.50798136886 -1.33167172101 -1.05280305265
# log_qflo:
 -3.89976503881
# log_qcru:
 -0.544768355319 0.0285063522752
# log_Lom:
2.50959926238
# log_cv_edadm:
-2.63208438850
# log_Loh:
2.41591377830
# log_cv_edadh:
-2.66279928446
# log_Mh:
-1.02165124753
# log_Mm:
-1.02165124753
# log_Fref:
 -0.614259594140 -1.02365570814 -1.21466533600 -1.32752837246
