#LANGOSTINO	COLORADO	V-VIII	REGIONES	ESTATUS	2017																																												
#número	de	años																																															
53																																																	
#número	de	edades																																															
5																																																	
#edad	inicial																																																
1																																																	
#delta	edad																																																
1																																																	
#número	de	tallas																																															
43																																																	
#índices	de	abundancia	y	capturas																																													
#Año	Crucero	cv	CPUE	cv	Desemb	cv
1968	0	0.2	0.0	0.1	19023	0.1
1969	0	0.2	1130.9	0.1	26781	0.1
1970	0	0.2	1600.6	0.1	40398	0.1
1971	0	0.2	1534.3	0.1	37577	0.1
1972	0	0.2	1771.1	0.1	33142	0.1
1973	0	0.2	2106.7	0.1	25273	0.1
1974	0	0.2	2044.9	0.1	27218	0.1
1975	0	0.2	1787.4	0.1	35862	0.1
1976	0	0.2	1466.7	0.1	62662	0.1
1977	0	0.2	0.0	0.1	43370	0.1
1978	0	0.2	766.5	0.1	39523	0.1
1979	25776	0.2	0.0	0.1	28711	0.1
1980	26141	0.2	0.0	0.1	1514	0.1
1981	23310	0.2	0.0	0.1	0.1	0.1
1982	44432	0.2	0.0	0.1	293	0.1
1983	49983	0.2	1317.0	0.1	8689	0.1
1984	35940	0.2	1084.2	0.1	12092	0.1
1985	0	0.2	1681.5	0.1	0.1	0.1
1986	35207	0.2	1739.7	0.1	6031	0.1
1987	0	0.2	0.0	0.1	5060	0.1
1988	0	0.2	0.0	0.1	5187	0.1
1989	47321	0.2	0.0	0.1	573	0.1
1990	0	0.2	0.0	0.1	0.1	0.1
1991	38997	0.2	0.0	0.1	346	0.1
1992	0	0.2	1086.6	0.1	4002	0.1
1993	75615	0.2	1297.0	0.1	3334	0.1
1994	0	0.2	0.0	0.1	2421	0.1
1995	0	0.2	1715.6	0.1	4938	0.1
1996	65796	0.2	2486.0	0.1	7726	0.1
1997	0	0.2	2179.6	0.1	8939	0.1
1998	0	0.2	1373.5	0.1	11943	0.1
1999	15024	0.2	1031.9	0.1	12077	0.1
2000	5881	0.2	476.1	0.1	8558	0.1
2001	6620	0.2	0.0	0.1	5	0.1
2002	8610	0.2	0.0	0.1	134	0.1
2003	4204	0.2	0.0	0.1	0.1	0.1
2004	9416	0.2	0.0	0.1	32	0.1
2005	11615	0.2	0.0	0.1	34	0.1
2006	43544	0.2	0.0	0.1	48	0.1
2007	60066	0.2	0.0	0.1	72	0.1
2008	65773	0.2	0.0	0.1	170	0.1
2009	51501	0.2	0.0	0.1	2517	0.1
2010	0	0.2	0.0	0.1	1990	0.1
2011	87957	0.2	1462.5	0.1	3534	0.1
2012	76788	0.2	1560.7	0.1	4990	0.1
2013	53891	0.2	987.1	0.1	6841	0.1
2014	20988	0.2	766.5	0.1	6972	0.1
2015	38153	0.2	580.7	0.1	5741	0.1
2016	39738	0.2	440.6	0.1	4340	0.1
2017	30358	0.2	766.1	0.1	4670	0.1
2018	39250	0.2	535.2	0.1	4614	0.1
2019	37588	0.2	564.4	0.1	4635	0.1
2020	0	0.2	758.2	0.1	5518	0.1	# DESEMBARQUE IGUAL A LA CUOTA (en caso d eno contar con datos de desembarque																																										
#grupos	de	talla																																															
9	10	11	12	13	14	15	16	17	18	19	20	21	22	23	24	25	26	27	28	29	30	31	32	33	34	35	36	37	38	39	40	41	42	43	44	45	46	47	48	49	50	51							
#Estructura	de	tallas	en	la	captura	-2016																																											
0.000	0.000	0.000	0.000	0.000	0.000	0.000	0.000	0.000	0.000	0.000	0.000	0.000	0.000	0.000	0.000	0.000	0.000	0.000	0.000	0.000	0.000	0.000	0.000	0.000	0.000	0.000	0.000	0.000	0.000	0.000	0.000	0.000	0.000	0.000	0.000	0.000	0.000	0.000	0.000	0.000	0.000	0.000							
0.000	0.000	0.000	0.000	0.000	0.000	0.000	0.000	0.000	0.000	0.000	0.000	0.000	0.000	0.000	0.000	0.000	0.000	0.000	0.000	0.000	0.000	0.000	0.000	0.000	0.000	0.000	0.000	0.000	0.000	0.000	0.000	0.000	0.000	0.000	0.000	0.000	0.000	0.000	0.000	0.000	0.000	0.000							
0.000	0.000	0.000	0.000	0.000	0.000	0.000	0.000	0.000	0.000	0.000	0.001	0.002	0.003	0.003	0.002	0.001	0.002	0.002	0.003	0.005	0.007	0.009	0.013	0.020	0.045	0.086	0.117	0.144	0.146	0.131	0.107	0.073	0.048	0.019	0.008	0.003	0.000	0.000	0.000	0.000	0.000	0.000							
0.000	0.000	0.000	0.000	0.000	0.000	0.000	0.000	0.000	0.000	0.000	0.000	0.000	0.001	0.000	0.000	0.000	0.001	0.001	0.001	0.001	0.001	0.002	0.007	0.015	0.023	0.048	0.090	0.130	0.147	0.144	0.131	0.107	0.079	0.046	0.018	0.006	0.002	0.001	0.000	0.000	0.000	0.000							
0.000	0.000	0.000	0.000	0.000	0.000	0.000	0.000	0.000	0.000	0.000	0.000	0.001	0.001	0.002	0.002	0.001	0.002	0.002	0.002	0.003	0.005	0.008	0.015	0.027	0.051	0.073	0.086	0.116	0.125	0.123	0.107	0.094	0.074	0.045	0.024	0.008	0.002	0.001	0.000	0.000	0.000	0.000							
0.000	0.000	0.000	0.000	0.000	0.000	0.000	0.000	0.000	0.000	0.000	0.001	0.000	0.001	0.001	0.000	0.001	0.001	0.003	0.005	0.013	0.032	0.057	0.091	0.095	0.102	0.102	0.096	0.092	0.067	0.063	0.056	0.040	0.035	0.024	0.013	0.006	0.002	0.001	0.000	0.000	0.000	0.000							
0.000	0.000	0.000	0.000	0.000	0.000	0.000	0.000	0.000	0.000	0.000	0.001	0.001	0.001	0.001	0.002	0.001	0.002	0.003	0.006	0.011	0.027	0.047	0.092	0.130	0.138	0.108	0.091	0.083	0.068	0.057	0.048	0.029	0.020	0.015	0.010	0.006	0.002	0.001	0.000	0.000	0.000	0.000							
0.000	0.000	0.000	0.001	0.004	0.006	0.007	0.008	0.007	0.005	0.004	0.005	0.007	0.008	0.011	0.010	0.010	0.008	0.006	0.008	0.010	0.026	0.046	0.073	0.095	0.107	0.109	0.097	0.090	0.072	0.052	0.037	0.022	0.014	0.012	0.008	0.007	0.004	0.002	0.001	0.000	0.000	0.000							
0.000	0.000	0.000	0.000	0.000	0.000	0.000	0.000	0.001	0.001	0.002	0.001	0.002	0.002	0.002	0.001	0.001	0.001	0.003	0.006	0.009	0.022	0.043	0.082	0.121	0.136	0.120	0.100	0.091	0.083	0.067	0.050	0.026	0.015	0.007	0.003	0.001	0.000	0.000	0.000	0.000	0.000	0.000							
0.000	0.000	0.000	0.000	0.000	0.000	0.000	0.001	0.001	0.001	0.004	0.008	0.010	0.017	0.030	0.043	0.059	0.062	0.052	0.046	0.037	0.041	0.040	0.050	0.054	0.057	0.072	0.064	0.061	0.050	0.046	0.037	0.026	0.014	0.006	0.004	0.002	0.002	0.002	0.001	0.001	0.000	0.000							
0.000	0.000	0.000	0.000	0.000	0.000	0.001	0.002	0.003	0.006	0.010	0.014	0.022	0.033	0.056	0.092	0.124	0.122	0.109	0.082	0.058	0.050	0.044	0.035	0.026	0.023	0.020	0.018	0.017	0.011	0.010	0.006	0.003	0.002	0.001	0.000	0.000	0.000	0.000	0.000	0.000	0.000	0.000							
0.000	0.000	0.000	0.000	0.000	0.002	0.001	0.004	0.011	0.012	0.024	0.038	0.047	0.069	0.088	0.082	0.072	0.064	0.049	0.043	0.055	0.054	0.056	0.041	0.025	0.022	0.015	0.023	0.024	0.027	0.023	0.014	0.007	0.006	0.001	0.000	0.000	0.000	0.000	0.000	0.000	0.000	0.000							
0.000	0.001	0.003	0.011	0.023	0.040	0.047	0.036	0.034	0.047	0.047	0.033	0.017	0.015	0.020	0.033	0.063	0.087	0.090	0.079	0.069	0.056	0.042	0.033	0.025	0.018	0.010	0.007	0.005	0.003	0.003	0.002	0.001	0.001	0.000	0.000	0.000	0.000	0.000	0.000	0.000	0.000	0.000							
0.000	0.000	0.002	0.003	0.006	0.006	0.012	0.023	0.044	0.065	0.065	0.061	0.049	0.046	0.043	0.046	0.057	0.067	0.089	0.082	0.066	0.046	0.038	0.029	0.019	0.012	0.008	0.005	0.003	0.003	0.002	0.002	0.001	0.000	0.000	0.000	0.000	0.000	0.000	0.000	0.000	0.000	0.000							
0.000	0.000	0.000	0.000	0.001	0.001	0.003	0.008	0.015	0.018	0.013	0.018	0.026	0.042	0.057	0.069	0.072	0.080	0.086	0.070	0.083	0.076	0.060	0.060	0.045	0.035	0.028	0.014	0.009	0.004	0.004	0.001	0.001	0.000	0.000	0.000	0.000	0.000	0.000	0.000	0.000	0.000	0.000							
0.000	0.000	0.000	0.000	0.000	0.001	0.002	0.007	0.013	0.020	0.026	0.030	0.022	0.020	0.026	0.039	0.053	0.069	0.082	0.073	0.072	0.082	0.061	0.062	0.050	0.052	0.053	0.037	0.027	0.013	0.007	0.002	0.001	0.000	0.000	0.000	0.000	0.000	0.000	0.000	0.000	0.000	0.000							
0.000	0.000	0.000	0.000	0.000	0.000	0.000	0.000	0.000	0.000	0.000	0.001	0.002	0.008	0.018	0.037	0.059	0.073	0.090	0.110	0.110	0.098	0.081	0.069	0.059	0.052	0.046	0.036	0.026	0.015	0.007	0.002	0.000	0.000	0.000	0.000	0.000	0.000	0.000	0.000	0.000	0.000	0.000							
0.000	0.000	0.000	0.000	0.000	0.000	0.000	0.000	0.000	0.000	0.000	0.000	0.000	0.001	0.002	0.004	0.019	0.044	0.083	0.096	0.108	0.096	0.104	0.081	0.063	0.079	0.072	0.056	0.039	0.030	0.013	0.009	0.002	0.001	0.000	0.000	0.000	0.000	0.000	0.000	0.000	0.000	0.000							
0.000	0.000	0.000	0.000	0.000	0.000	0.000	0.000	0.000	0.000	0.000	0.002	0.006	0.012	0.017	0.021	0.023	0.028	0.043	0.077	0.098	0.118	0.109	0.094	0.073	0.063	0.058	0.053	0.043	0.028	0.019	0.009	0.003	0.001	0.000	0.000	0.000	0.000	0.000	0.000	0.000	0.000	0.000							
0.000	0.000	0.000	0.000	0.000	0.000	0.000	0.000	0.000	0.000	0.001	0.001	0.002	0.002	0.003	0.006	0.011	0.019	0.023	0.032	0.046	0.079	0.098	0.111	0.099	0.093	0.081	0.076	0.077	0.055	0.043	0.027	0.009	0.005	0.001	0.000	0.000	0.000	0.000	0.000	0.000	0.000	0.000							
0.000	0.000	0.001	0.000	0.001	0.001	0.001	0.001	0.000	0.000	0.000	0.000	0.002	0.007	0.012	0.018	0.023	0.034	0.051	0.064	0.063	0.062	0.059	0.063	0.070	0.073	0.075	0.074	0.069	0.061	0.049	0.033	0.020	0.009	0.003	0.001	0.001	0.000	0.000	0.000	0.000	0.000	0.000							
0.000	0.000	0.000	0.001	0.002	0.004	0.009	0.018	0.023	0.016	0.010	0.007	0.007	0.020	0.049	0.082	0.103	0.106	0.125	0.111	0.076	0.054	0.033	0.022	0.015	0.014	0.014	0.012	0.011	0.012	0.012	0.013	0.009	0.006	0.005	0.002	0.001	0.000	0.000	0.000	0.000	0.000	0.000							
0.000	0.000	0.000	0.000	0.000	0.000	0.000	0.000	0.000	0.000	0.000	0.000	0.000	0.000	0.000	0.000	0.000	0.000	0.000	0.000	0.000	0.000	0.000	0.000	0.000	0.000	0.000	0.000	0.000	0.000	0.000	0.000	0.000	0.000	0.000	0.000	0.000	0.000	0.000	0.000	0.000	0.000	0.000							
0.000	0.000	0.000	0.000	0.000	0.000	0.000	0.000	0.000	0.000	0.000	0.000	0.000	0.000	0.000	0.000	0.000	0.000	0.000	0.000	0.000	0.000	0.000	0.000	0.000	0.000	0.000	0.000	0.000	0.000	0.000	0.000	0.000	0.000	0.000	0.000	0.000	0.000	0.000	0.000	0.000	0.000	0.000							
0.000	0.000	0.000	0.000	0.000	0.000	0.000	0.000	0.000	0.000	0.000	0.000	0.000	0.000	0.000	0.000	0.001	0.003	0.005	0.013	0.037	0.050	0.089	0.129	0.152	0.136	0.108	0.092	0.069	0.047	0.033	0.020	0.010	0.004	0.003	0.001	0.000	0.000	0.000	0.000	0.000	0.000	0.000							
0.000	0.000	0.000	0.000	0.000	0.000	0.000	0.000	0.000	0.000	0.000	0.000	0.000	0.000	0.001	0.001	0.002	0.004	0.009	0.018	0.025	0.035	0.047	0.076	0.127	0.143	0.136	0.122	0.089	0.063	0.047	0.029	0.018	0.007	0.002	0.000	0.000	0.000	0.000	0.000	0.000	0.000	0.000							
0.000	0.000	0.000	0.000	0.000	0.000	0.000	0.000	0.000	0.000	0.000	0.000	0.000	0.000	0.001	0.001	0.002	0.004	0.008	0.023	0.062	0.107	0.127	0.122	0.117	0.104	0.088	0.071	0.047	0.041	0.032	0.022	0.013	0.006	0.002	0.001	0.000	0.000	0.000	0.000	0.000	0.000	0.000							
0.000	0.000	0.000	0.000	0.000	0.000	0.000	0.000	0.000	0.000	0.000	0.000	0.000	0.000	0.000	0.000	0.000	0.000	0.001	0.001	0.003	0.015	0.069	0.139	0.156	0.132	0.114	0.104	0.079	0.049	0.043	0.045	0.027	0.013	0.006	0.002	0.001	0.000	0.000	0.000	0.000	0.000	0.000							
0.000	0.000	0.000	0.000	0.000	0.000	0.000	0.000	0.000	0.000	0.000	0.000	0.000	0.000	0.000	0.000	0.000	0.000	0.000	0.002	0.005	0.011	0.021	0.049	0.121	0.178	0.133	0.091	0.088	0.089	0.073	0.051	0.037	0.024	0.014	0.007	0.005	0.002	0.001	0.000	0.000	0.000	0.000							
0.000	0.000	0.000	0.000	0.000	0.000	0.000	0.000	0.003	0.006	0.003	0.000	0.003	0.003	0.003	0.000	0.000	0.000	0.000	0.000	0.001	0.004	0.013	0.029	0.043	0.061	0.091	0.113	0.111	0.111	0.111	0.103	0.080	0.047	0.029	0.016	0.009	0.004	0.002	0.001	0.000	0.000	0.000							
0.000	0.000	0.000	0.000	0.000	0.000	0.000	0.000	0.000	0.000	0.000	0.000	0.000	0.000	0.000	0.000	0.000	0.000	0.000	0.000	0.000	0.002	0.011	0.024	0.045	0.084	0.131	0.146	0.141	0.132	0.112	0.081	0.052	0.027	0.009	0.003	0.001	0.000	0.000	0.000	0.001	0.000	0.000							
0.000	0.000	0.000	0.000	0.000	0.000	0.000	0.000	0.000	0.000	0.000	0.000	0.000	0.000	0.001	0.002	0.004	0.008	0.013	0.019	0.031	0.047	0.059	0.072	0.094	0.105	0.118	0.113	0.098	0.081	0.061	0.036	0.019	0.013	0.005	0.002	0.000	0.000	0.000	0.000	0.000	0.000	0.000							
0.000	0.000	0.000	0.000	0.000	0.000	0.000	0.000	0.000	0.000	0.001	0.001	0.001	0.001	0.001	0.003	0.009	0.021	0.041	0.064	0.086	0.110	0.113	0.104	0.094	0.084	0.073	0.063	0.047	0.035	0.023	0.016	0.008	0.003	0.001	0.000	0.000	0.000	0.000	0.000	0.000	0.000	0.000							
0.000	0.000	0.000	0.000	0.000	0.000	0.000	0.000	0.000	0.000	0.000	0.000	0.000	0.000	0.000	0.000	0.000	0.000	0.000	0.000	0.000	0.000	0.000	0.000	0.000	0.000	0.000	0.000	0.000	0.000	0.000	0.000	0.000	0.000	0.000	0.000	0.000	0.000	0.000	0.000	0.000	0.000	0.000							
0.000	0.000	0.000	0.000	0.000	0.000	0.000	0.000	0.000	0.000	0.000	0.000	0.000	0.000	0.000	0.000	0.000	0.000	0.000	0.000	0.000	0.000	0.000	0.000	0.000	0.000	0.000	0.000	0.000	0.000	0.000	0.000	0.000	0.000	0.000	0.000	0.000	0.000	0.000	0.000	0.000	0.000	0.000							
0.000	0.000	0.000	0.000	0.000	0.000	0.000	0.000	0.000	0.000	0.000	0.000	0.000	0.000	0.000	0.000	0.000	0.000	0.000	0.000	0.000	0.000	0.000	0.000	0.000	0.000	0.000	0.000	0.000	0.000	0.000	0.000	0.000	0.000	0.000	0.000	0.000	0.000	0.000	0.000	0.000	0.000	0.000							
0.000	0.000	0.000	0.000	0.000	0.000	0.000	0.000	0.000	0.000	0.000	0.000	0.000	0.000	0.000	0.000	0.000	0.000	0.000	0.000	0.000	0.000	0.000	0.000	0.000	0.000	0.000	0.000	0.000	0.000	0.000	0.000	0.000	0.000	0.000	0.000	0.000	0.000	0.000	0.000	0.000	0.000	0.000							
0.000	0.000	0.000	0.000	0.000	0.000	0.000	0.000	0.000	0.000	0.000	0.000	0.000	0.000	0.000	0.000	0.000	0.000	0.000	0.000	0.000	0.000	0.000	0.000	0.000	0.000	0.000	0.000	0.000	0.000	0.000	0.000	0.000	0.000	0.000	0.000	0.000	0.000	0.000	0.000	0.000	0.000	0.000							
0.000	0.000	0.000	0.000	0.000	0.000	0.000	0.000	0.000	0.000	0.000	0.000	0.000	0.000	0.000	0.000	0.000	0.000	0.000	0.000	0.000	0.000	0.000	0.000	0.000	0.000	0.000	0.000	0.000	0.000	0.000	0.000	0.000	0.000	0.000	0.000	0.000	0.000	0.000	0.000	0.000	0.000	0.000							
0.000	0.000	0.000	0.000	0.000	0.000	0.000	0.000	0.000	0.000	0.000	0.000	0.000	0.000	0.000	0.000	0.000	0.000	0.000	0.000	0.000	0.000	0.000	0.000	0.000	0.000	0.000	0.000	0.000	0.000	0.000	0.000	0.000	0.000	0.000	0.000	0.000	0.000	0.000	0.000	0.000	0.000	0.000							
0.000	0.000	0.000	0.000	0.000	0.000	0.000	0.000	0.000	0.000	0.000	0.000	0.000	0.000	0.000	0.000	0.000	0.000	0.000	0.000	0.000	0.000	0.000	0.000	0.000	0.000	0.000	0.000	0.000	0.000	0.000	0.000	0.000	0.000	0.000	0.000	0.000	0.000	0.000	0.000	0.000	0.000	0.000							
0.000	0.000	0.000	0.000	0.000	0.000	0.000	0.000	0.000	0.000	0.000	0.000	0.000	0.000	0.000	0.000	0.000	0.000	0.000	0.000	0.001	0.002	0.013	0.028	0.065	0.103	0.158	0.149	0.133	0.095	0.094	0.060	0.056	0.024	0.013	0.005	0.002	0.000	0.000	0.000	0.000	0.000	0.000							
0.000	0.000	0.000	0.000	0.000	0.000	0.000	0.000	0.000	0.000	0.000	0.000	0.000	0.000	0.000	0.000	0.000	0.000	0.000	0.001	0.002	0.003	0.009	0.021	0.057	0.112	0.158	0.172	0.139	0.106	0.077	0.057	0.043	0.022	0.012	0.005	0.002	0.001	0.000	0.000	0.000	0.000	0.000							
0.000	0.000	0.000	0.000	0.000	0.000	0.000	0.000	0.000	0.000	0.000	0.000	0.000	0.000	0.000	0.000	0.000	0.000	0.001	0.001	0.001	0.002	0.003	0.007	0.024	0.051	0.107	0.174	0.205	0.161	0.122	0.071	0.038	0.019	0.009	0.004	0.002	0.000	0.000	0.000	0.000	0.000	0.000							
0.000	0.000	0.000	0.000	0.000	0.000	0.000	0.000	0.000	0.000	0.000	0.000	0.000	0.000	0.000	0.000	0.000	0.000	0.000	0.000	0.000	0.001	0.002	0.006	0.015	0.034	0.070	0.123	0.157	0.156	0.143	0.115	0.081	0.050	0.024	0.008	0.004	0.001	0.001	0.000	0.002	0.001	0.002							
0.000	0.000	0.000	0.000	0.000	0.000	0.000	0.000	0.000	0.000	0.000	0.000	0.000	0.000	0.000	0.000	0.000	0.000	0.000	0.002	0.004	0.007	0.008	0.016	0.031	0.049	0.084	0.142	0.182	0.170	0.120	0.084	0.052	0.029	0.013	0.005	0.002	0.000	0.000	0.000	0.000	0.000	0.000							
0.000	0.000	0.000	0.000	0.000	0.000	0.000	0.000	0.000	0.000	0.000	0.000	0.000	0.000	0.000	0.001	0.001	0.001	0.002	0.003	0.004	0.008	0.012	0.017	0.029	0.046	0.063	0.105	0.142	0.163	0.145	0.106	0.062	0.038	0.023	0.009	0.004	0.002	0.002	0.003	0.005	0.004	0.003							
0.000	0.000	0.000	0.000	0.000	0.000	0.000	0.000	0.000	0.000	0.000	0.000	0.000	0.000	0.000	0.000	0.001	0.001	0.001	0.002	0.003	0.008	0.013	0.024	0.038	0.060	0.080	0.110	0.113	0.126	0.120	0.116	0.081	0.049	0.026	0.015	0.008	0.004	0.002	0.001	0.000	0.000	0.000							
0.000	0.000	0.000	0.000	0.000	0.000	0.000	0.000	0.000	0.000	0.000	0.000	0.000	0.001	0.001	0.001	0.002	0.002	0.003	0.001	0.001	0.003	0.007	0.013	0.019	0.036	0.052	0.078	0.104	0.110	0.119	0.132	0.121	0.097	0.059	0.023	0.011	0.002	0.002	0.001	0.000	0.000	0.000							
0.000	0.000	0.000	0.000	0.000	0.000	0.000	0.000	0.000	0.000	0.000	0.000	0.000	0.000	0.000	0.000	0.000	0.001	0.002	0.003	0.006	0.011	0.018	0.028	0.041	0.050	0.064	0.069	0.080	0.083	0.087	0.100	0.099	0.101	0.075	0.050	0.020	0.007	0.003	0.000	0.000	0.000	0.000							
0.000	0.000	0.000	0.000	0.000	0.000	0.000	0.000	0.000	0.000	0.000	0.000	0.000	0.000	0.000	0.000	0.000	0.000	0.000	0.002	0.007	0.019	0.039	0.071	0.098	0.119	0.120	0.101	0.081	0.070	0.061	0.053	0.047	0.036	0.031	0.022	0.013	0.006	0.002	0.001	0.000	0.000	0.000
0.000	0.000	0.000	0.000	0.000	0.000	0.000	0.000	0.000	0.000	0.000	0.000	0.000	0.000	0.000	0.000	0.000	0.000	0.001	0.001	0.003	0.013	0.038	0.070	0.096	0.118	0.137	0.130	0.100	0.067	0.042	0.034	0.029	0.031	0.031	0.025	0.018	0.009	0.003	0.001	0.000	0.000	0.000
0.000	0.000	0.000	0.000	0.000	0.000	0.000	0.000	0.000	0.000	0.000	0.000	0.000	0.000	0.000	0.000	0.000	0.000	0.001	0.002	0.004	0.016	0.041	0.079	0.106	0.129	0.143	0.138	0.099	0.068	0.041	0.033	0.023	0.022	0.021	0.014	0.009	0.005	0.002	0.001	0.000	0.000	0.000
#Estructura	de	tallas	en	los	cruceros	de	evaluación	directa																																									
0.000	0.000	0.000	0.000	0.000	0.000	0.000	0.000	0.000	0.000	0.000	0.000	0.000	0.000	0.000	0.000	0.000	0.000	0.000	0.000	0.000	0.000	0.000	0.000	0.000	0.000	0.000	0.000	0.000	0.000	0.000	0.000	0.000	0.000	0.000	0.000	0.000	0.000	0.000	0.000	0.000	0.000	0.000							
0.000	0.000	0.000	0.000	0.000	0.000	0.000	0.000	0.000	0.000	0.000	0.000	0.000	0.000	0.000	0.000	0.000	0.000	0.000	0.000	0.000	0.000	0.000	0.000	0.000	0.000	0.000	0.000	0.000	0.000	0.000	0.000	0.000	0.000	0.000	0.000	0.000	0.000	0.000	0.000	0.000	0.000	0.000							
0.000	0.000	0.000	0.000	0.000	0.000	0.000	0.000	0.000	0.000	0.000	0.000	0.000	0.000	0.000	0.000	0.000	0.000	0.000	0.000	0.000	0.000	0.000	0.000	0.000	0.000	0.000	0.000	0.000	0.000	0.000	0.000	0.000	0.000	0.000	0.000	0.000	0.000	0.000	0.000	0.000	0.000	0.000							
0.000	0.000	0.000	0.000	0.000	0.000	0.000	0.000	0.000	0.000	0.000	0.000	0.000	0.000	0.000	0.000	0.000	0.000	0.000	0.000	0.000	0.000	0.000	0.000	0.000	0.000	0.000	0.000	0.000	0.000	0.000	0.000	0.000	0.000	0.000	0.000	0.000	0.000	0.000	0.000	0.000	0.000	0.000							
0.000	0.000	0.000	0.000	0.000	0.000	0.000	0.000	0.000	0.000	0.000	0.000	0.000	0.000	0.000	0.000	0.000	0.000	0.000	0.000	0.000	0.000	0.000	0.000	0.000	0.000	0.000	0.000	0.000	0.000	0.000	0.000	0.000	0.000	0.000	0.000	0.000	0.000	0.000	0.000	0.000	0.000	0.000							
0.000	0.000	0.000	0.000	0.000	0.000	0.000	0.000	0.000	0.000	0.000	0.000	0.000	0.000	0.000	0.000	0.000	0.000	0.000	0.000	0.000	0.000	0.000	0.000	0.000	0.000	0.000	0.000	0.000	0.000	0.000	0.000	0.000	0.000	0.000	0.000	0.000	0.000	0.000	0.000	0.000	0.000	0.000							
0.000	0.000	0.000	0.000	0.000	0.000	0.000	0.000	0.000	0.000	0.000	0.000	0.000	0.000	0.000	0.000	0.000	0.000	0.000	0.000	0.000	0.000	0.000	0.000	0.000	0.000	0.000	0.000	0.000	0.000	0.000	0.000	0.000	0.000	0.000	0.000	0.000	0.000	0.000	0.000	0.000	0.000	0.000							
0.000	0.000	0.000	0.000	0.000	0.000	0.000	0.000	0.000	0.000	0.000	0.000	0.000	0.000	0.000	0.000	0.000	0.000	0.000	0.000	0.000	0.000	0.000	0.000	0.000	0.000	0.000	0.000	0.000	0.000	0.000	0.000	0.000	0.000	0.000	0.000	0.000	0.000	0.000	0.000	0.000	0.000	0.000							
0.000	0.000	0.000	0.000	0.000	0.000	0.000	0.000	0.000	0.000	0.000	0.000	0.000	0.000	0.000	0.000	0.000	0.000	0.000	0.000	0.000	0.000	0.000	0.000	0.000	0.000	0.000	0.000	0.000	0.000	0.000	0.000	0.000	0.000	0.000	0.000	0.000	0.000	0.000	0.000	0.000	0.000	0.000							
0.000	0.000	0.000	0.000	0.000	0.000	0.000	0.000	0.000	0.000	0.000	0.000	0.000	0.000	0.000	0.000	0.000	0.000	0.000	0.000	0.000	0.000	0.000	0.000	0.000	0.000	0.000	0.000	0.000	0.000	0.000	0.000	0.000	0.000	0.000	0.000	0.000	0.000	0.000	0.000	0.000	0.000	0.000							
0.000	0.000	0.000	0.000	0.000	0.000	0.000	0.000	0.000	0.000	0.000	0.000	0.000	0.000	0.000	0.000	0.000	0.000	0.000	0.000	0.000	0.000	0.000	0.000	0.000	0.000	0.000	0.000	0.000	0.000	0.000	0.000	0.000	0.000	0.000	0.000	0.000	0.000	0.000	0.000	0.000	0.000	0.000							
0.000	0.000	0.000	0.000	0.006	0.004	0.004	0.017	0.035	0.031	0.044	0.062	0.066	0.052	0.087	0.054	0.058	0.060	0.037	0.029	0.033	0.039	0.027	0.027	0.014	0.015	0.012	0.046	0.037	0.041	0.037	0.010	0.012	0.008	0.000	0.002	0.000	0.000	0.000	0.000	0.000	0.000	0.000							
0.000	0.000	0.000	0.000	0.000	0.000	0.000	0.000	0.000	0.000	0.000	0.000	0.000	0.000	0.000	0.000	0.000	0.000	0.000	0.000	0.000	0.000	0.000	0.000	0.000	0.000	0.000	0.000	0.000	0.000	0.000	0.000	0.000	0.000	0.000	0.000	0.000	0.000	0.000	0.000	0.000	0.000	0.000							
0.000	0.001	0.002	0.003	0.006	0.008	0.015	0.029	0.053	0.070	0.063	0.057	0.048	0.045	0.043	0.051	0.058	0.078	0.090	0.078	0.058	0.040	0.037	0.024	0.015	0.010	0.006	0.004	0.002	0.002	0.001	0.001	0.001	0.000	0.000	0.000	0.000	0.000	0.000	0.000	0.000	0.000	0.000							
0.000	0.002	0.004	0.007	0.010	0.008	0.009	0.015	0.026	0.032	0.037	0.045	0.054	0.069	0.069	0.083	0.082	0.085	0.089	0.071	0.067	0.053	0.028	0.020	0.012	0.010	0.006	0.002	0.002	0.001	0.001	0.000	0.000	0.000	0.000	0.000	0.000	0.000	0.000	0.000	0.000	0.000	0.000							
0.000	0.001	0.004	0.007	0.012	0.017	0.025	0.020	0.020	0.024	0.033	0.041	0.037	0.046	0.050	0.063	0.074	0.072	0.081	0.072	0.075	0.086	0.055	0.041	0.020	0.013	0.007	0.004	0.002	0.001	0.000	0.000	0.000	0.000	0.000	0.000	0.000	0.000	0.000	0.000	0.000	0.000	0.000							
0.000	0.000	0.000	0.000	0.000	0.000	0.000	0.000	0.000	0.000	0.000	0.000	0.000	0.000	0.000	0.000	0.000	0.000	0.000	0.000	0.000	0.000	0.000	0.000	0.000	0.000	0.000	0.000	0.000	0.000	0.000	0.000	0.000	0.000	0.000	0.000	0.000	0.000	0.000	0.000	0.000	0.000	0.000							
0.000	0.000	0.000	0.000	0.000	0.000	0.000	0.000	0.000	0.000	0.000	0.000	0.000	0.000	0.000	0.000	0.000	0.000	0.000	0.000	0.000	0.000	0.000	0.000	0.000	0.000	0.000	0.000	0.000	0.000	0.000	0.000	0.000	0.000	0.000	0.000	0.000	0.000	0.000	0.000	0.000	0.000	0.000							
0.000	0.000	0.000	0.000	0.000	0.000	0.000	0.000	0.000	0.000	0.000	0.000	0.000	0.000	0.000	0.000	0.000	0.000	0.000	0.000	0.000	0.000	0.000	0.000	0.000	0.000	0.000	0.000	0.000	0.000	0.000	0.000	0.000	0.000	0.000	0.000	0.000	0.000	0.000	0.000	0.000	0.000	0.000							
0.000	0.000	0.000	0.000	0.000	0.000	0.000	0.000	0.000	0.000	0.000	0.000	0.000	0.000	0.000	0.000	0.000	0.000	0.000	0.000	0.000	0.000	0.000	0.000	0.000	0.000	0.000	0.000	0.000	0.000	0.000	0.000	0.000	0.000	0.000	0.000	0.000	0.000	0.000	0.000	0.000	0.000	0.000							
0.000	0.000	0.000	0.000	0.000	0.000	0.000	0.000	0.000	0.000	0.000	0.000	0.000	0.000	0.000	0.000	0.000	0.000	0.000	0.000	0.000	0.000	0.000	0.000	0.000	0.000	0.000	0.000	0.000	0.000	0.000	0.000	0.000	0.000	0.000	0.000	0.000	0.000	0.000	0.000	0.000	0.000	0.000							
0.000	0.000	0.000	0.001	0.002	0.007	0.018	0.035	0.024	0.011	0.005	0.004	0.010	0.031	0.062	0.080	0.086	0.096	0.121	0.110	0.076	0.049	0.026	0.019	0.013	0.014	0.014	0.015	0.015	0.016	0.015	0.014	0.007	0.005	0.002	0.001	0.000	0.000	0.000	0.000	0.000	0.000	0.000							
0.000	0.000	0.000	0.000	0.000	0.000	0.000	0.000	0.000	0.000	0.000	0.000	0.000	0.000	0.000	0.000	0.000	0.000	0.000	0.000	0.000	0.000	0.000	0.000	0.000	0.000	0.000	0.000	0.000	0.000	0.000	0.000	0.000	0.000	0.000	0.000	0.000	0.000	0.000	0.000	0.000	0.000	0.000							
0.000	0.000	0.000	0.000	0.000	0.000	0.000	0.000	0.001	0.003	0.011	0.022	0.042	0.060	0.064	0.065	0.047	0.041	0.031	0.028	0.033	0.037	0.049	0.068	0.063	0.066	0.056	0.057	0.044	0.033	0.031	0.018	0.013	0.007	0.007	0.003	0.002	0.000	0.000	0.000	0.000	0.000	0.000							
0.000	0.000	0.000	0.000	0.000	0.000	0.000	0.000	0.000	0.000	0.000	0.000	0.000	0.000	0.000	0.000	0.000	0.000	0.000	0.000	0.000	0.000	0.000	0.000	0.000	0.000	0.000	0.000	0.000	0.000	0.000	0.000	0.000	0.000	0.000	0.000	0.000	0.000	0.000	0.000	0.000	0.000	0.000							
0.000	0.000	0.000	0.000	0.000	0.001	0.002	0.004	0.006	0.009	0.010	0.012	0.016	0.018	0.023	0.027	0.033	0.043	0.060	0.078	0.087	0.075	0.065	0.046	0.048	0.047	0.045	0.054	0.049	0.049	0.040	0.025	0.018	0.008	0.004	0.002	0.000	0.000	0.000	0.000	0.000	0.000	0.000							
0.000	0.000	0.000	0.000	0.000	0.000	0.000	0.000	0.000	0.000	0.000	0.000	0.000	0.000	0.000	0.000	0.000	0.000	0.000	0.000	0.000	0.000	0.000	0.000	0.000	0.000	0.000	0.000	0.000	0.000	0.000	0.000	0.000	0.000	0.000	0.000	0.000	0.000	0.000	0.000	0.000	0.000	0.000							
0.000	0.000	0.000	0.000	0.000	0.000	0.000	0.000	0.000	0.000	0.000	0.000	0.000	0.000	0.000	0.000	0.000	0.000	0.000	0.000	0.000	0.000	0.000	0.000	0.000	0.000	0.000	0.000	0.000	0.000	0.000	0.000	0.000	0.000	0.000	0.000	0.000	0.000	0.000	0.000	0.000	0.000	0.000							
0.000	0.000	0.000	0.001	0.001	0.001	0.001	0.002	0.002	0.002	0.004	0.009	0.015	0.018	0.021	0.024	0.029	0.033	0.029	0.023	0.037	0.044	0.062	0.061	0.049	0.056	0.060	0.056	0.062	0.068	0.073	0.063	0.040	0.024	0.014	0.008	0.006	0.002	0.001	0.000	0.000	0.000	0.000							
0.000	0.000	0.000	0.000	0.000	0.000	0.000	0.000	0.000	0.000	0.000	0.000	0.000	0.000	0.000	0.000	0.000	0.000	0.000	0.000	0.000	0.000	0.000	0.000	0.000	0.000	0.000	0.000	0.000	0.000	0.000	0.000	0.000	0.000	0.000	0.000	0.000	0.000	0.000	0.000	0.000	0.000	0.000							
0.000	0.000	0.000	0.000	0.000	0.000	0.000	0.000	0.000	0.000	0.000	0.000	0.000	0.000	0.000	0.000	0.000	0.000	0.000	0.000	0.000	0.000	0.000	0.000	0.000	0.000	0.000	0.000	0.000	0.000	0.000	0.000	0.000	0.000	0.000	0.000	0.000	0.000	0.000	0.000	0.000	0.000	0.000							
0.000	0.000	0.001	0.001	0.000	0.000	0.000	0.000	0.000	0.000	0.000	0.001	0.002	0.005	0.012	0.019	0.038	0.052	0.078	0.087	0.073	0.050	0.043	0.044	0.057	0.083	0.082	0.069	0.063	0.052	0.043	0.027	0.013	0.003	0.002	0.001	0.000	0.000	0.000	0.000	0.000	0.000	0.000							
0.000	0.000	0.000	0.000	0.000	0.000	0.000	0.000	0.000	0.000	0.000	0.000	0.000	0.000	0.003	0.000	0.004	0.001	0.003	0.007	0.012	0.022	0.048	0.093	0.099	0.137	0.115	0.134	0.086	0.073	0.063	0.038	0.036	0.013	0.008	0.002	0.000	0.000	0.000	0.000	0.000	0.000	0.000							
0.000	0.000	0.000	0.000	0.000	0.000	0.000	0.004	0.012	0.036	0.052	0.066	0.089	0.078	0.072	0.057	0.043	0.028	0.016	0.013	0.008	0.006	0.016	0.023	0.040	0.042	0.035	0.048	0.055	0.045	0.038	0.028	0.031	0.008	0.006	0.004	0.001	0.000	0.000	0.000	0.000	0.000	0.000							
0.000	0.000	0.000	0.001	0.001	0.001	0.001	0.002	0.006	0.012	0.020	0.032	0.048	0.076	0.120	0.136	0.133	0.107	0.076	0.053	0.041	0.017	0.017	0.014	0.015	0.011	0.013	0.009	0.010	0.005	0.007	0.006	0.005	0.003	0.002	0.001	0.001	0.000	0.000	0.000	0.000	0.000	0.000							
0.000	0.000	0.000	0.000	0.000	0.000	0.002	0.005	0.012	0.028	0.059	0.079	0.091	0.083	0.086	0.079	0.079	0.081	0.072	0.070	0.055	0.039	0.020	0.015	0.009	0.008	0.008	0.006	0.007	0.004	0.003	0.003	0.001	0.000	0.000	0.000	0.000	0.000	0.000	0.000	0.000	0.000	0.000							
0.000	0.000	0.001	0.004	0.009	0.015	0.024	0.029	0.031	0.044	0.056	0.047	0.046	0.043	0.044	0.050	0.058	0.068	0.076	0.072	0.066	0.057	0.052	0.037	0.026	0.018	0.012	0.008	0.003	0.002	0.001	0.001	0.001	0.000	0.000	0.000	0.000	0.000	0.000	0.000	0.000	0.000	0.000							
0.000	0.000	0.000	0.000	0.001	0.001	0.002	0.008	0.034	0.054	0.067	0.054	0.053	0.053	0.075	0.040	0.045	0.047	0.081	0.041	0.064	0.031	0.035	0.064	0.067	0.027	0.025	0.017	0.011	0.003	0.002	0.001	0.000	0.000	0.000	0.000	0.000	0.000	0.000	0.000	0.000	0.000	0.000							
0.000	0.000	0.000	0.000	0.000	0.000	0.000	0.003	0.006	0.010	0.029	0.050	0.069	0.098	0.116	0.111	0.095	0.087	0.070	0.055	0.042	0.037	0.034	0.022	0.022	0.014	0.011	0.008	0.004	0.004	0.003	0.001	0.001	0.000	0.000	0.000	0.000	0.000	0.000	0.000	0.000	0.000	0.000							
0.000	0.000	0.000	0.000	0.000	0.000	0.000	0.000	0.000	0.000	0.002	0.006	0.012	0.020	0.033	0.041	0.065	0.066	0.065	0.068	0.061	0.058	0.061	0.058	0.067	0.060	0.061	0.053	0.047	0.040	0.025	0.015	0.009	0.003	0.002	0.001	0.001	0.000	0.000	0.000	0.000	0.000	0.000							
0.000	0.000	0.000	0.000	0.000	0.000	0.000	0.001	0.002	0.003	0.003	0.003	0.006	0.011	0.019	0.031	0.047	0.075	0.080	0.089	0.087	0.073	0.069	0.076	0.065	0.059	0.046	0.035	0.032	0.019	0.020	0.014	0.013	0.015	0.005	0.002	0.001	0.001	0.000	0.000	0.000	0.000	0.000							
0.000	0.000	0.000	0.000	0.000	0.000	0.000	0.000	0.001	0.001	0.001	0.002	0.003	0.005	0.006	0.012	0.012	0.016	0.022	0.038	0.059	0.058	0.053	0.064	0.060	0.077	0.095	0.077	0.100	0.062	0.051	0.033	0.026	0.034	0.018	0.011	0.005	0.001	0.001	0.000	0.000	0.000	0.000							
0.000	0.000	0.000	0.000	0.000	0.000	0.000	0.000	0.000	0.000	0.000	0.000	0.000	0.000	0.000	0.000	0.000	0.000	0.000	0.000	0.000	0.000	0.000	0.000	0.000	0.000	0.000	0.000	0.000	0.000	0.000	0.000	0.000	0.000	0.000	0.000	0.000	0.000	0.000	0.000	0.000	0.000	0.000							
0.000	0.000	0.000	0.000	0.000	0.000	0.000	0.000	0.001	0.004	0.009	0.019	0.019	0.016	0.017	0.030	0.059	0.061	0.049	0.034	0.032	0.022	0.022	0.030	0.040	0.051	0.064	0.080	0.083	0.083	0.063	0.045	0.030	0.018	0.009	0.005	0.002	0.001	0.000	0.000	0.000	0.000	0.003							
0.000	0.000	0.000	0.000	0.000	0.000	0.000	0.000	0.000	0.000	0.000	0.001	0.001	0.002	0.003	0.004	0.006	0.010	0.016	0.027	0.031	0.035	0.038	0.034	0.031	0.033	0.046	0.069	0.088	0.115	0.118	0.104	0.080	0.051	0.030	0.014	0.006	0.004	0.002	0.001	0.001	0.000	0.000							
0.000	0.000	0.000	0.000	0.000	0.000	0.000	0.000	0.000	0.000	0.000	0.001	0.001	0.002	0.002	0.004	0.009	0.014	0.024	0.026	0.034	0.036	0.058	0.078	0.084	0.080	0.071	0.071	0.071	0.077	0.068	0.063	0.060	0.039	0.019	0.007	0.003	0.001	0.000	0.000	0.000	0.000	0.000							
0.000	0.000	0.000	0.000	0.000	0.000	0.000	0.000	0.001	0.002	0.003	0.004	0.007	0.007	0.006	0.004	0.004	0.005	0.008	0.016	0.021	0.023	0.026	0.030	0.036	0.040	0.056	0.072	0.080	0.103	0.121	0.102	0.084	0.055	0.038	0.022	0.012	0.006	0.003	0.001	0.001	0.001	0.000							
0.000	0.000	0.000	0.000	0.000	0.001	0.003	0.008	0.012	0.013	0.020	0.026	0.038	0.048	0.057	0.055	0.053	0.047	0.042	0.034	0.029	0.026	0.025	0.025	0.027	0.032	0.029	0.033	0.038	0.045	0.055	0.058	0.046	0.034	0.019	0.011	0.005	0.003	0.002	0.001	0.001	0.000	0.000							
0.000	0.000	0.000	0.000	0.000	0.001	0.003	0.004	0.011	0.015	0.024	0.036	0.047	0.061	0.074	0.071	0.065	0.055	0.052	0.053	0.055	0.057	0.051	0.038	0.029	0.025	0.024	0.021	0.021	0.019	0.019	0.018	0.016	0.013	0.010	0.006	0.003	0.002	0.001	0.000	0.000	0.000	0.000							
0.000	0.000	0.000	0.000	0.000	0.000	0.000	0.002	0.008	0.031	0.037	0.031	0.032	0.038	0.046	0.061	0.081	0.095	0.099	0.076	0.053	0.048	0.044	0.042	0.034	0.024	0.019	0.015	0.013	0.013	0.013	0.011	0.010	0.008	0.007	0.004	0.002	0.001	0.000	0.000	0.000	0.000	0.000							
0.000 	0.000 	0.000 	0.000 	0.000 	0.000 	0.001 	0.001 	0.002 	0.005 	0.010 	0.021 	0.055 	0.109 	0.126 	0.114 	0.115 	0.112 	0.092 	0.067 	0.050 	0.032 	0.025 	0.015 	0.012 	0.006 	0.005 	0.006 	0.005 	0.004 	0.003 	0.003 	0.002 	0.001 	0.000 	0.000 	0.000 	0.000 	0.000 	0.000 	0.000 	0.000 	0.000
0.000	0.000	0.000	0.000	0.000	0.000	0.001	0.002	0.005	0.007	0.009	0.010	0.009	0.010	0.012	0.014	0.019	0.040	0.053	0.065	0.069	0.069	0.062	0.061	0.069	0.083	0.073	0.061	0.045	0.030	0.020	0.016	0.016	0.017	0.015	0.013	0.011	0.008	0.005	0.002	0.001	0.001	0.000
0.000	0.000	0.000	0.000	0.000	0.000	0.000	0.000	0.000	0.000	0.000	0.000	0.000	0.000	0.000	0.000	0.000	0.000	0.000	0.000	0.000	0.000	0.000	0.000	0.000	0.000	0.000	0.000	0.000	0.000	0.000	0.000	0.000	0.000	0.000	0.000	0.000	0.000	0.000	0.000	0.000	0.000	0.000							
#pesos	medios	a	la	talla																																													
0.540	0.722	0.941	1.198	1.497	1.841	2.232	2.673	3.168	3.718	4.327	4.997	5.732	6.533	7.404	8.347	9.366	10.462	11.638	12.897	14.242	15.676	17.200	18.817	20.531	22.344	24.258	26.276	28.400	30.634	32.979	35.438	38.014	40.710	43.527	46.469	49.538	52.736	56.066	59.531	63.133	66.874	70.757							
0.540	0.722	0.941	1.198	1.497	1.841	2.232	2.673	3.168	3.718	4.327	4.997	5.732	6.533	7.404	8.347	9.366	10.462	11.638	12.897	14.242	15.676	17.200	18.817	20.531	22.344	24.258	26.276	28.400	30.634	32.979	35.438	38.014	40.710	43.527	46.469	49.538	52.736	56.066	59.531	63.133	66.874	70.757							
0.540	0.722	0.941	1.198	1.497	1.841	2.232	2.673	3.168	3.718	4.327	4.997	5.732	6.533	7.404	8.347	9.366	10.462	11.638	12.897	14.242	15.676	17.200	18.817	20.531	22.344	24.258	26.276	28.400	30.634	32.979	35.438	38.014	40.710	43.527	46.469	49.538	52.736	56.066	59.531	63.133	66.874	70.757							
0.540	0.722	0.941	1.198	1.497	1.841	2.232	2.673	3.168	3.718	4.327	4.997	5.732	6.533	7.404	8.347	9.366	10.462	11.638	12.897	14.242	15.676	17.200	18.817	20.531	22.344	24.258	26.276	28.400	30.634	32.979	35.438	38.014	40.710	43.527	46.469	49.538	52.736	56.066	59.531	63.133	66.874	70.757							
0.540	0.722	0.941	1.198	1.497	1.841	2.232	2.673	3.168	3.718	4.327	4.997	5.732	6.533	7.404	8.347	9.366	10.462	11.638	12.897	14.242	15.676	17.200	18.817	20.531	22.344	24.258	26.276	28.400	30.634	32.979	35.438	38.014	40.710	43.527	46.469	49.538	52.736	56.066	59.531	63.133	66.874	70.757							
0.540	0.722	0.941	1.198	1.497	1.841	2.232	2.673	3.168	3.718	4.327	4.997	5.732	6.533	7.404	8.347	9.366	10.462	11.638	12.897	14.242	15.676	17.200	18.817	20.531	22.344	24.258	26.276	28.400	30.634	32.979	35.438	38.014	40.710	43.527	46.469	49.538	52.736	56.066	59.531	63.133	66.874	70.757							
0.540	0.722	0.941	1.198	1.497	1.841	2.232	2.673	3.168	3.718	4.327	4.997	5.732	6.533	7.404	8.347	9.366	10.462	11.638	12.897	14.242	15.676	17.200	18.817	20.531	22.344	24.258	26.276	28.400	30.634	32.979	35.438	38.014	40.710	43.527	46.469	49.538	52.736	56.066	59.531	63.133	66.874	70.757							
0.540	0.722	0.941	1.198	1.497	1.841	2.232	2.673	3.168	3.718	4.327	4.997	5.732	6.533	7.404	8.347	9.366	10.462	11.638	12.897	14.242	15.676	17.200	18.817	20.531	22.344	24.258	26.276	28.400	30.634	32.979	35.438	38.014	40.710	43.527	46.469	49.538	52.736	56.066	59.531	63.133	66.874	70.757							
0.540	0.722	0.941	1.198	1.497	1.841	2.232	2.673	3.168	3.718	4.327	4.997	5.732	6.533	7.404	8.347	9.366	10.462	11.638	12.897	14.242	15.676	17.200	18.817	20.531	22.344	24.258	26.276	28.400	30.634	32.979	35.438	38.014	40.710	43.527	46.469	49.538	52.736	56.066	59.531	63.133	66.874	70.757							
0.540	0.722	0.941	1.198	1.497	1.841	2.232	2.673	3.168	3.718	4.327	4.997	5.732	6.533	7.404	8.347	9.366	10.462	11.638	12.897	14.242	15.676	17.200	18.817	20.531	22.344	24.258	26.276	28.400	30.634	32.979	35.438	38.014	40.710	43.527	46.469	49.538	52.736	56.066	59.531	63.133	66.874	70.757							
0.540	0.722	0.941	1.198	1.497	1.841	2.232	2.673	3.168	3.718	4.327	4.997	5.732	6.533	7.404	8.347	9.366	10.462	11.638	12.897	14.242	15.676	17.200	18.817	20.531	22.344	24.258	26.276	28.400	30.634	32.979	35.438	38.014	40.710	43.527	46.469	49.538	52.736	56.066	59.531	63.133	66.874	70.757							
0.540	0.722	0.941	1.198	1.497	1.841	2.232	2.673	3.168	3.718	4.327	4.997	5.732	6.533	7.404	8.347	9.366	10.462	11.638	12.897	14.242	15.676	17.200	18.817	20.531	22.344	24.258	26.276	28.400	30.634	32.979	35.438	38.014	40.710	43.527	46.469	49.538	52.736	56.066	59.531	63.133	66.874	70.757							
0.540	0.722	0.941	1.198	1.497	1.841	2.232	2.673	3.168	3.718	4.327	4.997	5.732	6.533	7.404	8.347	9.366	10.462	11.638	12.897	14.242	15.676	17.200	18.817	20.531	22.344	24.258	26.276	28.400	30.634	32.979	35.438	38.014	40.710	43.527	46.469	49.538	52.736	56.066	59.531	63.133	66.874	70.757							
0.540	0.722	0.941	1.198	1.497	1.841	2.232	2.673	3.168	3.718	4.327	4.997	5.732	6.533	7.404	8.347	9.366	10.462	11.638	12.897	14.242	15.676	17.200	18.817	20.531	22.344	24.258	26.276	28.400	30.634	32.979	35.438	38.014	40.710	43.527	46.469	49.538	52.736	56.066	59.531	63.133	66.874	70.757							
0.540	0.722	0.941	1.198	1.497	1.841	2.232	2.673	3.168	3.718	4.327	4.997	5.732	6.533	7.404	8.347	9.366	10.462	11.638	12.897	14.242	15.676	17.200	18.817	20.531	22.344	24.258	26.276	28.400	30.634	32.979	35.438	38.014	40.710	43.527	46.469	49.538	52.736	56.066	59.531	63.133	66.874	70.757							
0.540	0.722	0.941	1.198	1.497	1.841	2.232	2.673	3.168	3.718	4.327	4.997	5.732	6.533	7.404	8.347	9.366	10.462	11.638	12.897	14.242	15.676	17.200	18.817	20.531	22.344	24.258	26.276	28.400	30.634	32.979	35.438	38.014	40.710	43.527	46.469	49.538	52.736	56.066	59.531	63.133	66.874	70.757							
0.540	0.722	0.941	1.198	1.497	1.841	2.232	2.673	3.168	3.718	4.327	4.997	5.732	6.533	7.404	8.347	9.366	10.462	11.638	12.897	14.242	15.676	17.200	18.817	20.531	22.344	24.258	26.276	28.400	30.634	32.979	35.438	38.014	40.710	43.527	46.469	49.538	52.736	56.066	59.531	63.133	66.874	70.757							
0.540	0.722	0.941	1.198	1.497	1.841	2.232	2.673	3.168	3.718	4.327	4.997	5.732	6.533	7.404	8.347	9.366	10.462	11.638	12.897	14.242	15.676	17.200	18.817	20.531	22.344	24.258	26.276	28.400	30.634	32.979	35.438	38.014	40.710	43.527	46.469	49.538	52.736	56.066	59.531	63.133	66.874	70.757							
0.540	0.722	0.941	1.198	1.497	1.841	2.232	2.673	3.168	3.718	4.327	4.997	5.732	6.533	7.404	8.347	9.366	10.462	11.638	12.897	14.242	15.676	17.200	18.817	20.531	22.344	24.258	26.276	28.400	30.634	32.979	35.438	38.014	40.710	43.527	46.469	49.538	52.736	56.066	59.531	63.133	66.874	70.757							
0.540	0.722	0.941	1.198	1.497	1.841	2.232	2.673	3.168	3.718	4.327	4.997	5.732	6.533	7.404	8.347	9.366	10.462	11.638	12.897	14.242	15.676	17.200	18.817	20.531	22.344	24.258	26.276	28.400	30.634	32.979	35.438	38.014	40.710	43.527	46.469	49.538	52.736	56.066	59.531	63.133	66.874	70.757							
0.540	0.722	0.941	1.198	1.497	1.841	2.232	2.673	3.168	3.718	4.327	4.997	5.732	6.533	7.404	8.347	9.366	10.462	11.638	12.897	14.242	15.676	17.200	18.817	20.531	22.344	24.258	26.276	28.400	30.634	32.979	35.438	38.014	40.710	43.527	46.469	49.538	52.736	56.066	59.531	63.133	66.874	70.757							
0.540	0.722	0.941	1.198	1.497	1.841	2.232	2.673	3.168	3.718	4.327	4.997	5.732	6.533	7.404	8.347	9.366	10.462	11.638	12.897	14.242	15.676	17.200	18.817	20.531	22.344	24.258	26.276	28.400	30.634	32.979	35.438	38.014	40.710	43.527	46.469	49.538	52.736	56.066	59.531	63.133	66.874	70.757							
0.540	0.722	0.941	1.198	1.497	1.841	2.232	2.673	3.168	3.718	4.327	4.997	5.732	6.533	7.404	8.347	9.366	10.462	11.638	12.897	14.242	15.676	17.200	18.817	20.531	22.344	24.258	26.276	28.400	30.634	32.979	35.438	38.014	40.710	43.527	46.469	49.538	52.736	56.066	59.531	63.133	66.874	70.757							
0.540	0.722	0.941	1.198	1.497	1.841	2.232	2.673	3.168	3.718	4.327	4.997	5.732	6.533	7.404	8.347	9.366	10.462	11.638	12.897	14.242	15.676	17.200	18.817	20.531	22.344	24.258	26.276	28.400	30.634	32.979	35.438	38.014	40.710	43.527	46.469	49.538	52.736	56.066	59.531	63.133	66.874	70.757							
0.540	0.722	0.941	1.198	1.497	1.841	2.232	2.673	3.168	3.718	4.327	4.997	5.732	6.533	7.404	8.347	9.366	10.462	11.638	12.897	14.242	15.676	17.200	18.817	20.531	22.344	24.258	26.276	28.400	30.634	32.979	35.438	38.014	40.710	43.527	46.469	49.538	52.736	56.066	59.531	63.133	66.874	70.757							
0.540	0.722	0.941	1.198	1.497	1.841	2.232	2.673	3.168	3.718	4.327	4.997	5.732	6.533	7.404	8.347	9.366	10.462	11.638	12.897	14.242	15.676	17.200	18.817	20.531	22.344	24.258	26.276	28.400	30.634	32.979	35.438	38.014	40.710	43.527	46.469	49.538	52.736	56.066	59.531	63.133	66.874	70.757							
0.540	0.722	0.941	1.198	1.497	1.841	2.232	2.673	3.168	3.718	4.327	4.997	5.732	6.533	7.404	8.347	9.366	10.462	11.638	12.897	14.242	15.676	17.200	18.817	20.531	22.344	24.258	26.276	28.400	30.634	32.979	35.438	38.014	40.710	43.527	46.469	49.538	52.736	56.066	59.531	63.133	66.874	70.757							
0.540	0.722	0.941	1.198	1.497	1.841	2.232	2.673	3.168	3.718	4.327	4.997	5.732	6.533	7.404	8.347	9.366	10.462	11.638	12.897	14.242	15.676	17.200	18.817	20.531	22.344	24.258	26.276	28.400	30.634	32.979	35.438	38.014	40.710	43.527	46.469	49.538	52.736	56.066	59.531	63.133	66.874	70.757							
0.540	0.722	0.941	1.198	1.497	1.841	2.232	2.673	3.168	3.718	4.327	4.997	5.732	6.533	7.404	8.347	9.366	10.462	11.638	12.897	14.242	15.676	17.200	18.817	20.531	22.344	24.258	26.276	28.400	30.634	32.979	35.438	38.014	40.710	43.527	46.469	49.538	52.736	56.066	59.531	63.133	66.874	70.757							
0.540	0.722	0.941	1.198	1.497	1.841	2.232	2.673	3.168	3.718	4.327	4.997	5.732	6.533	7.404	8.347	9.366	10.462	11.638	12.897	14.242	15.676	17.200	18.817	20.531	22.344	24.258	26.276	28.400	30.634	32.979	35.438	38.014	40.710	43.527	46.469	49.538	52.736	56.066	59.531	63.133	66.874	70.757							
0.540	0.722	0.941	1.198	1.497	1.841	2.232	2.673	3.168	3.718	4.327	4.997	5.732	6.533	7.404	8.347	9.366	10.462	11.638	12.897	14.242	15.676	17.200	18.817	20.531	22.344	24.258	26.276	28.400	30.634	32.979	35.438	38.014	40.710	43.527	46.469	49.538	52.736	56.066	59.531	63.133	66.874	70.757							
0.540	0.722	0.941	1.198	1.497	1.841	2.232	2.673	3.168	3.718	4.327	4.997	5.732	6.533	7.404	8.347	9.366	10.462	11.638	12.897	14.242	15.676	17.200	18.817	20.531	22.344	24.258	26.276	28.400	30.634	32.979	35.438	38.014	40.710	43.527	46.469	49.538	52.736	56.066	59.531	63.133	66.874	70.757							
0.540	0.722	0.941	1.198	1.497	1.841	2.232	2.673	3.168	3.718	4.327	4.997	5.732	6.533	7.404	8.347	9.366	10.462	11.638	12.897	14.242	15.676	17.200	18.817	20.531	22.344	24.258	26.276	28.400	30.634	32.979	35.438	38.014	40.710	43.527	46.469	49.538	52.736	56.066	59.531	63.133	66.874	70.757							
0.540	0.722	0.941	1.198	1.497	1.841	2.232	2.673	3.168	3.718	4.327	4.997	5.732	6.533	7.404	8.347	9.366	10.462	11.638	12.897	14.242	15.676	17.200	18.817	20.531	22.344	24.258	26.276	28.400	30.634	32.979	35.438	38.014	40.710	43.527	46.469	49.538	52.736	56.066	59.531	63.133	66.874	70.757							
0.540	0.722	0.941	1.198	1.497	1.841	2.232	2.673	3.168	3.718	4.327	4.997	5.732	6.533	7.404	8.347	9.366	10.462	11.638	12.897	14.242	15.676	17.200	18.817	20.531	22.344	24.258	26.276	28.400	30.634	32.979	35.438	38.014	40.710	43.527	46.469	49.538	52.736	56.066	59.531	63.133	66.874	70.757							
0.540	0.722	0.941	1.198	1.497	1.841	2.232	2.673	3.168	3.718	4.327	4.997	5.732	6.533	7.404	8.347	9.366	10.462	11.638	12.897	14.242	15.676	17.200	18.817	20.531	22.344	24.258	26.276	28.400	30.634	32.979	35.438	38.014	40.710	43.527	46.469	49.538	52.736	56.066	59.531	63.133	66.874	70.757							
0.540	0.722	0.941	1.198	1.497	1.841	2.232	2.673	3.168	3.718	4.327	4.997	5.732	6.533	7.404	8.347	9.366	10.462	11.638	12.897	14.242	15.676	17.200	18.817	20.531	22.344	24.258	26.276	28.400	30.634	32.979	35.438	38.014	40.710	43.527	46.469	49.538	52.736	56.066	59.531	63.133	66.874	70.757							
0.540	0.722	0.941	1.198	1.497	1.841	2.232	2.673	3.168	3.718	4.327	4.997	5.732	6.533	7.404	8.347	9.366	10.462	11.638	12.897	14.242	15.676	17.200	18.817	20.531	22.344	24.258	26.276	28.400	30.634	32.979	35.438	38.014	40.710	43.527	46.469	49.538	52.736	56.066	59.531	63.133	66.874	70.757							
0.540	0.722	0.941	1.198	1.497	1.841	2.232	2.673	3.168	3.718	4.327	4.997	5.732	6.533	7.404	8.347	9.366	10.462	11.638	12.897	14.242	15.676	17.200	18.817	20.531	22.344	24.258	26.276	28.400	30.634	32.979	35.438	38.014	40.710	43.527	46.469	49.538	52.736	56.066	59.531	63.133	66.874	70.757							
0.540	0.722	0.941	1.198	1.497	1.841	2.232	2.673	3.168	3.718	4.327	4.997	5.732	6.533	7.404	8.347	9.366	10.462	11.638	12.897	14.242	15.676	17.200	18.817	20.531	22.344	24.258	26.276	28.400	30.634	32.979	35.438	38.014	40.710	43.527	46.469	49.538	52.736	56.066	59.531	63.133	66.874	70.757							
0.540	0.722	0.941	1.198	1.497	1.841	2.232	2.673	3.168	3.718	4.327	4.997	5.732	6.533	7.404	8.347	9.366	10.462	11.638	12.897	14.242	15.676	17.200	18.817	20.531	22.344	24.258	26.276	28.400	30.634	32.979	35.438	38.014	40.710	43.527	46.469	49.538	52.736	56.066	59.531	63.133	66.874	70.757							
0.540	0.722	0.941	1.198	1.497	1.841	2.232	2.673	3.168	3.718	4.327	4.997	5.732	6.533	7.404	8.347	9.366	10.462	11.638	12.897	14.242	15.676	17.200	18.817	20.531	22.344	24.258	26.276	28.400	30.634	32.979	35.438	38.014	40.710	43.527	46.469	49.538	52.736	56.066	59.531	63.133	66.874	70.757							
0.540	0.722	0.941	1.198	1.497	1.841	2.232	2.673	3.168	3.718	4.327	4.997	5.732	6.533	7.404	8.347	9.366	10.462	11.638	12.897	14.242	15.676	17.200	18.817	20.531	22.344	24.258	26.276	28.400	30.634	32.979	35.438	38.014	40.710	43.527	46.469	49.538	52.736	56.066	59.531	63.133	66.874	70.757							
0.540	0.722	0.941	1.198	1.497	1.841	2.232	2.673	3.168	3.718	4.327	4.997	5.732	6.533	7.404	8.347	9.366	10.462	11.638	12.897	14.242	15.676	17.200	18.817	20.531	22.344	24.258	26.276	28.400	30.634	32.979	35.438	38.014	40.710	43.527	46.469	49.538	52.736	56.066	59.531	63.133	66.874	70.757							
0.540	0.722	0.941	1.198	1.497	1.841	2.232	2.673	3.168	3.718	4.327	4.997	5.732	6.533	7.404	8.347	9.366	10.462	11.638	12.897	14.242	15.676	17.200	18.817	20.531	22.344	24.258	26.276	28.400	30.634	32.979	35.438	38.014	40.710	43.527	46.469	49.538	52.736	56.066	59.531	63.133	66.874	70.757							
0.540	0.722	0.941	1.198	1.497	1.841	2.232	2.673	3.168	3.718	4.327	4.997	5.732	6.533	7.404	8.347	9.366	10.462	11.638	12.897	14.242	15.676	17.200	18.817	20.531	22.344	24.258	26.276	28.400	30.634	32.979	35.438	38.014	40.710	43.527	46.469	49.538	52.736	56.066	59.531	63.133	66.874	70.757							
0.540	0.722	0.941	1.198	1.497	1.841	2.232	2.673	3.168	3.718	4.327	4.997	5.732	6.533	7.404	8.347	9.366	10.462	11.638	12.897	14.242	15.676	17.200	18.817	20.531	22.344	24.258	26.276	28.400	30.634	32.979	35.438	38.014	40.710	43.527	46.469	49.538	52.736	56.066	59.531	63.133	66.874	70.757							
0.540	0.722	0.941	1.198	1.497	1.841	2.232	2.673	3.168	3.718	4.327	4.997	5.732	6.533	7.404	8.347	9.366	10.462	11.638	12.897	14.242	15.676	17.200	18.817	20.531	22.344	24.258	26.276	28.400	30.634	32.979	35.438	38.014	40.710	43.527	46.469	49.538	52.736	56.066	59.531	63.133	66.874	70.757							
0.540	0.722	0.941	1.198	1.497	1.841	2.232	2.673	3.168	3.718	4.327	4.997	5.732	6.533	7.404	8.347	9.366	10.462	11.638	12.897	14.242	15.676	17.200	18.817	20.531	22.344	24.258	26.276	28.400	30.634	32.979	35.438	38.014	40.710	43.527	46.469	49.538	52.736	56.066	59.531	63.133	66.874	70.757							
0.540	0.722	0.941	1.198	1.497	1.841	2.232	2.673	3.168	3.718	4.327	4.997	5.732	6.533	7.404	8.347	9.366	10.462	11.638	12.897	14.242	15.676	17.200	18.817	20.531	22.344	24.258	26.276	28.400	30.634	32.979	35.438	38.014	40.710	43.527	46.469	49.538	52.736	56.066	59.531	63.133	66.874	70.757							
0.540	0.722	0.941	1.198	1.497	1.841	2.232	2.673	3.168	3.718	4.327	4.997	5.732	6.533	7.404	8.347	9.366	10.462	11.638	12.897	14.242	15.676	17.200	18.817	20.531	22.344	24.258	26.276	28.400	30.634	32.979	35.438	38.014	40.710	43.527	46.469	49.538	52.736	56.066	59.531	63.133	66.874	70.757							
0.540	0.722	0.941	1.198	1.497	1.841	2.232	2.673	3.168	3.718	4.327	4.997	5.732	6.533	7.404	8.347	9.366	10.462	11.638	12.897	14.242	15.676	17.200	18.817	20.531	22.344	24.258	26.276	28.400	30.634	32.979	35.438	38.014	40.710	43.527	46.469	49.538	52.736	56.066	59.531	63.133	66.874	70.757							
0.540	0.722	0.941	1.198	1.497	1.841	2.232	2.673	3.168	3.718	4.327	4.997	5.732	6.533	7.404	8.347	9.366	10.462	11.638	12.897	14.242	15.676	17.200	18.817	20.531	22.344	24.258	26.276	28.400	30.634	32.979	35.438	38.014	40.710	43.527	46.469	49.538	52.736	56.066	59.531	63.133	66.874	70.757							
#	madurez	a	la	talla																																													
0.000	0.000	0.000	0.001	0.001	0.001	0.002	0.004	0.006	0.010	0.016	0.026	0.043	0.069	0.109	0.168	0.250	0.355	0.477	0.601	0.713	0.804	0.872	0.918	0.949	0.968	0.981	0.988	0.993	0.996	0.997	0.998	0.999	0.999	1.000	1.000	1.000	1.000	1.000	1.000	1.000	1.000	1.000							
#################																																																	
##	CONTROLES																																																
#___________________________________________________________																																																	
#	CV's	estimacion	de	parametros																																													
#No	Rt	k	q_cru	A50f	M																																												
0.5	0.5	0.2	0.5	0.5	0.1																																												
#dev_qcru	dev_qCPUE																																																
0.1	10.5																																																
#_____________________________________________________																																																	
#	nm	tallas																																															
#	Flota	Cruceros																																															
101	145																																																
#	Fases	de	estimación	capturabilidad																																													
#_____________________________________________________																																																	
#	(opt_qCrucero	<0	es	q=1)	capturabilidad	Crucero																																											
-1																																																	
#	Años	y	fase	con	cambio	en	qCru	(si	>0)																																								
#1968	1969	1970	1971	1972	1973	1974	1975	1976	1977	1978	1979	1980	1981	1982	1983	1984	1985	1986	1987	1988	1989	1990	1991	1992	1993	1994	1995	1996	1997	1998	1999	2000	2001	2002	2003	2004	2005	2006	2007	2008	2009	2010	2011	2012	2013	2014	2015	2016	2017	2018    2019   2020
#	base	sin	cambios																																														
#-1	-1	-1	-1	-1	-1	-1	-1	-1	-1	-1	-1	-1	-1	-1	-1	-1	-1	-1	-1	-1	-1	-1	-1	-1	-1	-1	-1	-1	-1	-1	-1	-1	-1	-1	-1	-1	-1	-1	-1	-1	-1	-1	-1	-1	-1	-1	-1	-1	-1	-1      -1
#	base	con	cambios	2004																																													
-1	-1	-1	-1	-1	-1	-1	-1	-1	-1	-1	-1	-1	-1	-1	-1	-1	-1	-1	-1	-1	-1	-1	-1	-1	-1	-1	-1	-1	-1	-1	-1	-1	-1	-1	-1	 4	-1	-1	-1	-1	-1	-1	-1	-1	-1	-1	-1	-1	-1	-1      -1      -1
#-1	-1	-1	-1	-1	-1	-1	-1	-1	-1	-1	5	-1	-1	-1	-1	-1	-1	-1	-1	-1	-1	-1	-1	-1	5	-1	-1	-1	-1	-1	-1	-1	-1	-1	-1	-1	-1	5	-1	-1	-1	-1	-1	-1	-1	-1	5	-1	-1	-1
#	(opt_qCPUE)	capturabilidad	CPUE																																														
5																																																	
#	Años	y	fase	con	cambio	en	qCPUE	(si	>0)																																								
#1968	1969	1970	1971	1972	1973	1974	1975	1976	1977	1978	1979	1980	1981	1982	1983	1984	1985	1986	1987	1988	1989	1990	1991	1992	1993	1994	1995	1996	1997	1998	1999	2000	2001	2002	2003	2004	2005	2006	2007	2008	2009	2010	2011	2012	2013	2014	2015	2016	2017    2018    2019    2020
-1	-1	-1	-1	-1	-1	-1	-1	-1	-1	-1	-1	-1	-1	-1	-1	-1	-1	-1	-1	-1	-1	-1	-1	-1	-1	-1	-1	-1	-1	-1	-1	-1	-1	-1	-1	-1	-1	-1	-1	-1	-1	-1	-1	-1	-1	-1	-1	-1	-1      -1      -1      -1
#	Fases	estimación	(Selectividad)																																														
#_____________________________________________________																																																	
#	(opt_Sel1)	Fase	estimacion	patron	de	explotacion	promedio)																																										
2																																																	
#	(opt_Sel2)	Fase	desvios	en	la	selectividad	de	la	flota	(variable	si	>0)																																					
#	Considerando	el	FIP	99-18																																													
#1968	1969	1970	1971	1972	1973	1974	1975	1976	1977	1978	1979	1980	1981	1982	1983	1984	1985	1986	1987	1988	1989	1990	1991	1992	1993	1994	1995	1996	1997	1998	1999	2000	2001	2002	2003	2004	2005	2006	2007	2008	2009	2010	2011	2012	2013	2014	2015	2016	2017    2018    2019   2020
#-1	-1	-1	-1	-1	4	-1	4	-1	4	-1	-1	-1	-1	-1	-1	4	-1	-1	-1	-1	-1	-1	-1	-1	-1	-1	4	-1	-1	-1	-1	-1	-1	-1	-1	-1	-1	-1	-1	-1	-1	-1	-1	-1	-1	-1	-1	-1	-1      -1
-1	-1	-1	-1	-1	-1	-1	-1	-1	-1	-1	-1	-1	-1	-1	-1	-1	-1	-1	-1	-1	-1	-1	-1	-1	-1	-1	-1	-1	-1	-1	-1	-1	-1	-1	-1	-1	-1	-1	-1	-1	-1	-1	-1	-1	-1	-1	-1	-1	-1      -1      -1     -1
#sin	cambios	en	la	selectividad																																													
#-1	-1	-1	-1	-1	-1	-1	-1	-1	-1	-1	-1	-1	-1	-1	-1	-1	-1	-1	-1	-1	-1	-1	-1	-1	-1	-1	-1	-1	-1	-1	-1	-1	-1	-1	-1	-1	-1	-1	-1	-1	-1	-1	-1	-1	-1	-1	-1	-1	-1      -1
#	(opt_Sel3)	Fase	Selectividad	flota	2N	unica																																											
-2																																																	
#	(opt_Sel4)	Fase	Selectividad	cruceros																																													
4																																																	
#	(opt_Sel5)	Sin	Selectividad	cruceros	(si	es	>0)																																										
-1																																																	
#_____________________________________________________																																																	
#Parámetros	biológicos																																																
#	Loo	k	Lo	M																																													
        52	0.22	18	0.35																																														
#_____________________________________________________																																																	
#	Fases	estimación	de	parámetros	de	crecimiento																																											
#	(opt_VB1)	fase	de	estimacion	de	Lo	(es	la	primera	talla	modal)																																						
-2																																																	
#	(opt_VB2)	fase	de	estimacion	desviacion	proporcional	con	la	talla	(cv_edad)																																							
-3																																																	
#	(opt_VB3)	fase	de	estimacion	de	desviacion	constante	(sd_edad)																																									
3																																																	
#	(opt_VB4)	fase	de	estimacion	de	desviacion	independiente	con	la	talla																																							
-2																																																	
#	(opt_VB5)	fase	de	estimacion	de	k																																											
3																																																	
#_____________________________________________________																																																	
#	opciones	de	estimación	de	parámetros	poblacionales																																											
#	(opt_Rmed)	fase	de	estimación	de	Rmed																																											
1																																																	
#	(opt_devR)	fase	estimacion																																														
1																																																	
#	(opt_devNo)	Fase	estimacion	desvios	de	No	(<0	en	equilibrio)																																								
1																																																	
#	(opt_F)	Fase	de	estimacion	de	F																																											
2																																																	
#	(opt_M)	fase	de	estimacion	de	M																																											
-3																																																	
#_____________________________________________________																																																	
#	Opciones	de	proyección																																														
#	Yrs	proy																																															
20																																																	
#	n	pbr																																															
5																																																	
# Proyección de capturas ante distintos niveles de Reclutamiento (1.0 proporcional al reclutamiento medio)																																																	
1																																																	
#F0         F30     F40     F45      Fsq
0.000001   0.619   0.416   0.345     0.216

#Estrategia	de	explotacion	(1=cte,	0=rampa)																																													
1
