#DATOS CAMARON SUR CBA 2021													
#numero_de_years													
76													
#numero_de_edades													
6													
#numero_de_clases_de_tallas													
33													
#Years	Capt	CPUE	Crucero	ph	cv_capt	cv_CPUE	cv_Cru	cv_ph	n_mf	n_hf	n_mc	n_hc	#
1945	53	0	0	0.574	0.01	0.2	0.1	0.1	20	20	20	20	#
1946	51	0	0	0.574	0.01	0.2	0.1	0.1	20	20	20	20	#
1947	83	0	0	0.574	0.01	0.2	0.1	0.1	20	20	20	20	#
1948	34	0	0	0.574	0.01	0.2	0.1	0.1	20	20	20	20	#
1949	32	0	0	0.574	0.01	0.2	0.1	0.1	20	20	20	20	#
1950	24	0	0	0.574	0.01	0.2	0.1	0.1	20	20	20	20	#
1951	16	0	0	0.574	0.01	0.2	0.1	0.1	20	20	20	20	#
1952	22	0	0	0.574	0.01	0.2	0.1	0.1	20	20	20	20	#
1953	26	0	0	0.574	0.01	0.2	0.1	0.1	20	20	20	20	#
1954	101	0	0	0.574	0.01	0.2	0.1	0.1	20	20	20	20	#
1955	69	0	0	0.574	0.01	0.2	0.1	0.1	20	20	20	20	#
1956	115	0	0	0.574	0.01	0.2	0.1	0.1	20	20	20	20	#
1957	129	0	0	0.574	0.01	0.2	0.1	0.1	20	20	20	20	#
1958	382	0	0	0.574	0.01	0.2	0.1	0.1	20	20	20	20	#
1959	721	0	0	0.574	0.01	0.2	0.1	0.1	20	20	20	20	#
1960	2632	0	0	0.574	0.01	0.2	0.1	0.1	20	20	20	20	#
1961	2238	0	0	0.574	0.01	0.2	0.1	0.1	20	20	20	20	#
1962	4014	0	0	0.574	0.01	0.2	0.1	0.1	20	20	20	20	#
1963	3320	0	0	0.574	0.01	0.2	0.1	0.1	20	20	20	20	#
1964	5220	0	0	0.574	0.01	0.2	0.1	0.1	20	20	20	20	#
1965	5086	0	0	0.574	0.01	0.2	0.1	0.1	20	20	20	20	#
1966	10559	0	0	0.574	0.01	0.2	0.1	0.1	20	20	20	20	#
1967	9173	0	0	0.574	0.01	0.2	0.1	0.1	20	20	20	20	#
1968	9704	415.0	0	0.574	0.01	0.2	0.1	0.1	20	20	20	20	#
1969	8009	270.6	0	0.574	0.01	0.2	0.1	0.1	20	20	20	20	#
1970	8203	346.1	0	0.574	0.01	0.2	0.1	0.1	20	20	20	20	#
1971	8963	368.3	0	0.574	0.01	0.2	0.1	0.1	20	20	20	20	#
1972	7666	0.0	0	0.574	0.01	0.2	0.1	0.1	20	20	20	20	#
1973	8334	427.6	0	0.574	0.01	0.2	0.1	0.1	20	20	20	20	#
1974	7561	333.8	0	0.574	0.01	0.2	0.1	0.1	20	20	20	20	#
1975	7795	246.7	0	0.574	0.01	0.2	0.1	0.1	20	20	20	20	#
1976	6632	303.4	0	0.574	0.01	0.2	0.1	0.1	20	20	20	20	#
1977	7566	387.6	0	0.574	0.01	0.2	0.1	0.1	20	20	20	20	#
1978	8935	203.0	0	0.569	0.01	0.2	0.1	0.1	20	20	20	20	#
1979	3574	0.0	0	0.549	0.01	0.2	0.1	0.1	20	20	20	20	#
1980	2482	0.0	0	0.543	0.01	0.2	0.1	0.1	20	20	20	20	#
1981	2942	144.2	0	0.584	0.01	0.2	0.1	0.1	20	20	20	20	#
1982	3394	149.5	0	0.574	0.01	0.2	0.1	0.1	20	20	20	20	#
1983	5562	157.8	0	0.574	0.01	0.2	0.1	0.1	20	20	20	20	#
1984	2321	140.0	0	0.647	0.01	0.2	0.1	0.1	20	20	20	20	#
1985	1384	138.4	0	0.689	0.01	0.2	0.1	0.1	20	20	20	20	#
1986	1627	122.4	0	0.591	0.01	0.2	0.1	0.1	20	20	20	20	#
1987	2303	128.9	0	0.592	0.01	0.2	0.1	0.1	20	20	20	20	#
1988	2616	151.5	0	0.574	0.01	0.2	0.1	0.1	20	20	20	20	#
1989	3042	127.5	0	0.574	0.01	0.2	0.1	0.1	20	20	20	20	#
1990	4157	138.6	0	0.574	0.01	0.2	0.1	0.1	20	20	20	20	#
1991	4413	142.0	0	0.574	0.01	0.2	0.1	0.1	20	20	20	20	#
1992	4460	156.1	0	0.574	0.01	0.2	0.1	0.1	20	20	20	20	#
1993	4176	154.2	0	0.574	0.01	0.2	0.1	0.1	20	20	20	20	#
1994	5458	191.9	0	0.555	0.01	0.2	0.1	0.1	20	20	20	20	#
1995	6262	169.0	0	0.586	0.01	0.2	0.1	0.1	20	20	20	20	#
1996	6163	181.9	0	0.54	0.01	0.2	0.1	0.1	20	20	20	20	#
1997	5050	142.0	0	0.636	0.01	0.2	0.1	0.1	20	20	20	20	#
1998	3729	127.2	2593	0.482	0.01	0.2	0.1	0.1	20	20	20	20	#
1999	2459	83.9	875.8	0.569	0.01	0.2	0.1	0.1	20	20	20	20	#
2000	1103	107.1	725	0.611	0.01	0.2	0.1	0.1	20	20	20	20	#
2001	1271	0.0	3223.5	0.559	0.01	0.2	0.1	0.1	20	20	20	20	#
2002	1195	245.5	8348	0.57	0.01	0.2	0.1	0.1	20	20	20	20	#
2003	1706	225.8	7465	0.609	0.01	0.2	0.1	0.1	20	20	20	20	#
2004	1681	348.1	8281.2	0.608	0.01	0.2	0.1	0.1	20	20	20	20	#
2005	2454	320.3	14381.6	0.604	0.01	0.2	0.1	0.1	20	20	20	20	#
2006	3135	407.0	19485.6	0.568	0.01	0.2	0.1	0.1	20	20	20	20	#
2007	3197	383.1	0	0.573	0.01	0.2	0.1	0.1	20	20	20	20	#
2008	3055	460.7	15809.3	0.581	0.01	0.2	0.1	0.1	20	20	20	20	#
2009	3033	439.5	27718	0.588	0.01	0.2	0.1	0.1	20	20	20	20	#
2010	3488	396.6	0	0.557	0.01	0.2	0.1	0.1	20	20	20	20	#
2011	3173	393.4	23515.2	0.528	0.01	0.2	0.1	0.1	20	20	20	20	#
2012	2603	461.3	16205	0.558	0.01	0.2	0.1	0.1	20	20	20	20	#
2013	2896	424.5	28036.9	0.569	0.01	0.2	0.1	0.1	20	20	20	20	#
2014	3049	391.8	27335	0.587	0.01	0.2	0.1	0.1	20	20	20	20	#
2015	3393	287.1	18446.2	0.599	0.01	0.2	0.1	0.1	20	20	20	20	#
2016	3036	296.2	18544.3	0.557	0.01	0.2	0.1	0.1	20	20	20	20	#
2017	3391	338.3	15771.1	0.615	0.01	0.2	0.1	0.1	20	20	20	20	#
2018	4142	451.1	14139	0.58	0.01	0.2	0.1	0.1	20	20	20	20	#
2019	3644	411.4	18770	0.501	0.01	0.2	0.1	0.1	20	20	20	20	#
2020	3706	531.2	0	0.57	0.01	0.2	0.1	0.1	20	20	20	20	#
#grupos_de_edades													
1	2	3	4	5	6																											
#grupos_de_Tallas																																
10.5	11.5	12.5	13.5	14.5	15.5	16.5	17.5	18.5	19.5	20.5	21.5	22.5	23.5	24.5	25.5	26.5	27.5	28.5	29.5	30.5	31.5	32.5	33.5	34.5	35.5	36.5	37.5	38.5	39.5	40.5	41.5	42.5
# Machos Flota																																
0	0	0	0	0	0	0	0	0	0	0	0	0	0	0	0	0	0	0	0	0	0	0	0	0	0	0	0	0	0	0	0	0
0	0	0	0	0	0	0	0	0	0	0	0	0	0	0	0	0	0	0	0	0	0	0	0	0	0	0	0	0	0	0	0	0
0	0	0	0	0	0	0	0	0	0	0	0	0	0	0	0	0	0	0	0	0	0	0	0	0	0	0	0	0	0	0	0	0
0	0	0	0	0	0	0	0	0	0	0	0	0	0	0	0	0	0	0	0	0	0	0	0	0	0	0	0	0	0	0	0	0
0	0	0	0	0	0	0	0	0	0	0	0	0	0	0	0	0	0	0	0	0	0	0	0	0	0	0	0	0	0	0	0	0
0	0	0	0	0	0	0	0	0	0	0	0	0	0	0	0	0	0	0	0	0	0	0	0	0	0	0	0	0	0	0	0	0
0	0	0	0	0	0	0	0	0	0	0	0	0	0	0	0	0	0	0	0	0	0	0	0	0	0	0	0	0	0	0	0	0
0	0	0	0	0	0	0	0	0	0	0	0	0	0	0	0	0	0	0	0	0	0	0	0	0	0	0	0	0	0	0	0	0
0	0	0	0	0	0	0	0	0	0	0	0	0	0	0	0	0	0	0	0	0	0	0	0	0	0	0	0	0	0	0	0	0
0	0	0	0	0	0	0	0	0	0	0	0	0	0	0	0	0	0	0	0	0	0	0	0	0	0	0	0	0	0	0	0	0
0	0	0	0	0	0	0	0	0	0	0	0	0	0	0	0	0	0	0	0	0	0	0	0	0	0	0	0	0	0	0	0	0
0	0	0	0	0	0	0	0	0	0	0	0	0	0	0	0	0	0	0	0	0	0	0	0	0	0	0	0	0	0	0	0	0
0	0	0	0	0	0	0	0	0	0	0	0	0	0	0	0	0	0	0	0	0	0	0	0	0	0	0	0	0	0	0	0	0
0	0	0	0	0	0	0	0	0	0	0	0	0	0	0	0	0	0	0	0	0	0	0	0	0	0	0	0	0	0	0	0	0
0	0	0	0	0	0	0	0	0	0	0	0	0	0	0	0	0	0	0	0	0	0	0	0	0	0	0	0	0	0	0	0	0
0	0	0	0	0	0	0	0	0	0	0	0	0	0	0	0	0	0	0	0	0	0	0	0	0	0	0	0	0	0	0	0	0
0	0	0	0	0	0	0	0	0	0	0	0	0	0	0	0	0	0	0	0	0	0	0	0	0	0	0	0	0	0	0	0	0
0	0	0	0	0	0	0	0	0	0	0	0	0	0	0	0	0	0	0	0	0	0	0	0	0	0	0	0	0	0	0	0	0
0	0	0	0	0	0	0	0	0	0	0	0	0	0	0	0	0	0	0	0	0	0	0	0	0	0	0	0	0	0	0	0	0
0	0	0	0	0	0	0	0	0	0	0	0	0	0	0	0	0	0	0	0	0	0	0	0	0	0	0	0	0	0	0	0	0
0	0	0	0	0	0	0	0	0	0	0	0	0	0	0	0	0	0	0	0	0	0	0	0	0	0	0	0	0	0	0	0	0
0	0	0	0	0	0	0	0	0	0	0	0	0	0	0	0	0	0	0	0	0	0	0	0	0	0	0	0	0	0	0	0	0
0	0	0	0	0	0	0	0	0	0	0	0	0	0	0	0	0	0	0	0	0	0	0	0	0	0	0	0	0	0	0	0	0
0	0	0	0	0	0	0	0	0	0	0	0	0	0	0	0	0	0	0	0	0	0	0	0	0	0	0	0	0	0	0	0	0
0	0	0	0	0	0	0	0	0	0	0	0	0	0	0	0	0	0	0	0	0	0	0	0	0	0	0	0	0	0	0	0	0
0	0.000404367	0.001010918	0.002224019	0.004043672	0.006267691	0.01071573	0.017792155	0.025070764	0.038414881	0.048928427	0.059037606	0.057217954	0.077638496	0.082086535	0.094621917	0.099474323	0.106752932	0.081884351	0.063485645	0.050748079	0.039021431	0.017589972	0.008289527	0.004043672	0.001819652	0.000202184	0.000808734	0.000404367	0	0	0	0
0	0.000318066	0.000636132	0.000318066	0.000318066	0.000636132	0.007315522	0.006043257	0.007951654	0.026399491	0.034033079	0.057251908	0.11673028	0.159987277	0.182251908	0.138994911	0.09764631	0.070610687	0.050254453	0.023536896	0.009860051	0.005407125	0.002544529	0.000954198	0	0	0	0	0	0	0	0	0
0	0.000178285	0	0.000534855	0.002139419	0.001961134	0.004100553	0.00909253	0.013014798	0.054198609	0.050632911	0.046532359	0.081297914	0.087537886	0.131752541	0.120342307	0.123908005	0.111784632	0.082545908	0.035478695	0.018898199	0.011053664	0.006418256	0.003922268	0.001604564	0.000891424	0.000178285	0	0	0	0	0	0
0	0	0	0	0	0.000389864	0.000779727	0.003508772	0.007797271	0.032358674	0.028070175	0.051072125	0.105653021	0.143079922	0.163352827	0.162962963	0.154775828	0.07797271	0.038986355	0.011695906	0.007407407	0.005068226	0.001169591	0	0	0	0.001949318	0.001169591	0	0.000779727	0	0	0
0	0	0.000249532	0	0.000249532	0.000249532	0.001621959	0.00474111	0.016718653	0.052401747	0.065876482	0.050280724	0.062632564	0.093075483	0.115658141	0.136743606	0.153337492	0.106425452	0.078852152	0.03867748	0.012227074	0.006487835	0.001372427	0.000249532	0.000499064	0.000124766	0	0	0.000124766	0.000374298	0.000249532	0.000249532	0.000249532
0	0	0.000394555	0.000394555	0.00078911	0.00078911	0.001578221	0.02031959	0.044387453	0.075162754	0.117577431	0.168672322	0.149930953	0.103373446	0.068849872	0.044584731	0.045176563	0.05681594	0.049713948	0.03570724	0.012033932	0.002564608	0.000986388	0.000197278	0	0	0	0	0	0	0	0	0
0	0	0.000605877	0.000302939	0.00212057	0.002423508	0.003938201	0.031202666	0.100878522	0.106937292	0.100878522	0.090275674	0.117237201	0.132081188	0.08906392	0.084519842	0.07088761	0.045743714	0.010299909	0.007270524	0.00212057	0.000302939	0.000605877	0.000302939	0	0	0	0	0	0	0	0	0
0	0	0	0	0	0	0.001335113	0.036048064	0.101468625	0.136181575	0.132176235	0.112149533	0.14552737	0.108144192	0.137516689	0.070761015	0.018691589	0	0	0	0	0	0	0	0	0	0	0	0	0	0	0	0
0	0.00E+00	0.00E+00	0	0	0	0	0.001282874	0.001282874	0.010904426	0.033996151	0.059012187	0.124438743	0.114175754	0.160359205	0.144323284	0.132135985	0.099422707	0.053880693	0.039769083	0.017318794	0.006414368	0.000641437	0.000641437	0	0	0	0	0	0	0	0	0
0	0	0	0	0.000799361	0	0.001598721	0.001598721	0.007194245	0.023980815	0.03197442	0.076738609	0.095123901	0.101518785	0.113509193	0.121502798	0.103916867	0.103117506	0.107114309	0.04716227	0.03197442	0.022382094	0.004796163	0.003197442	0.000799361	0	0	0	0	0.00E+00	0	0	0
0	0	0	0	0.002075919	0.005338078	0.020166074	0.035883749	0.049228944	0.079774614	0.088374852	0.091340451	0.091043891	0.148279953	0.146500593	0.103795967	0.06346382	0.041221827	0.018386714	0.011862396	0.001779359	0.0014828	0	0	0	0	0	0	0	0	0	0	0
0	0	0	0	0.001092214	0.002340459	0.01061008	0.032610392	0.075362771	0.151193634	0.197690747	0.198002809	0.124824466	0.062100172	0.045716961	0.036511156	0.033702606	0.015447028	0.005929162	0.004992979	0.001716336	0.000156031	0	0	0	0	0	0	0	0	0	0	0
0	0	0	0	0	0	0	0	0	0	0	0	0	0	0	0	0	0	0	0	0	0	0	0	0	0	0	0	0	0	0	0	0
0.00E+00	0.00E+00	0	0	0	0	0	0	0	0	0	0	0	0	0	0	0	0	0	0.00E+00	0.00E+00	0	0	0	0	0	0	0	0	0	0	0	0
0	0	0.00010812	0	0	0.000432479	0.001081198	0.002811115	0.004973511	0.012217537	0.022921397	0.036328252	0.049626987	0.074818899	0.121418532	0.175154071	0.21277976	0.163693372	0.078386853	0.029516705	0.008757704	0.003027354	0.001081198	0.000648719	0.00010812	0	0.00010812	0	0	0	0	0	0
0	0	0.00017059	0.00017059	0.001023541	0.001194132	0.002217673	0.005458888	0.013476629	0.020641419	0.032070966	0.057488912	0.089218697	0.107813033	0.10593654	0.107130672	0.135619243	0.127772091	0.102865916	0.05629478	0.025247356	0.005117707	0.001194132	0.001023541	0.000511771	0.00034118	0	0	0	0	0	0	0
0.000329924	0.000329924	0.000329924	0.001319696	0.002969317	0.005278786	0.009237875	0.014186737	0.025404157	0.031672715	0.044539756	0.064995051	0.093368525	0.141207522	0.165621907	0.119432531	0.073243154	0.079511712	0.052128011	0.038271198	0.022764764	0.007258331	0.003299241	0.001319696	0.000329924	0.000329924	0	0.000329924	0.000659848	0.000329924	0	0	0
0	0	0.001017294	0	0.002034588	0.006103764	0.009155646	0.019328586	0.029501526	0.028484232	0.0508647	0.087487284	0.108850458	0.135300102	0.129196338	0.13224822	0.115971516	0.088504578	0.026449644	0.017293998	0.002034588	0.006103764	0.001017294	0	0.002034588	0	0	0	0	0.001017294	0	0	0
0	0	0	0	0	0	0	0	0	0	0	0	0	0	0	0	0	0	0	0	0	0	0	0	0	0	0	0	0	0	0	0	0
0	0	0	0	0	0.000896057	0.003584229	0.009856631	0.023297491	0.055555556	0.073476703	0.078853047	0.096774194	0.114695341	0.172939068	0.128136201	0.100358423	0.072580645	0.04390681	0.01344086	0.007168459	0.002688172	0.000896057	0	0	0	0.000896057	0	0	0	0	0	0
0	0	0	0.001510574	0	0	0.001510574	0.001510574	0.009063444	0.019637462	0.039274924	0.075528701	0.117824773	0.16163142	0.157099698	0.15407855	0.099697885	0.064954683	0.042296073	0.02265861	0.024169184	0.00755287	0	0	0	0	0	0	0	0	0	0	0
0	0	0	0	0	0	0	0	0	0	0	0	0	0	0	0	0	0	0	0	0	0	0	0	0	0	0	0	0	0	0	0	0
0	0	0	0	0	0.004775549	0.012416428	0.016236867	0.011461318	0.015281757	0.024832856	0.042024833	0.086914995	0.106017192	0.085959885	0.093600764	0.137535817	0.153772684	0.111747851	0.062082139	0.021967526	0.007640879	0.005730659	0	0	0	0	0	0	0	0	0	0
0	0	0.00E+00	0.001089777	0.000459582	0.001558586	0.001099004	0.009549704	0.016927294	0.030068671	0.051299721	0.098058946	0.130039331	0.160402796	0.172475216	0.113100029	0.081586265	0.061697814	0.031926264	0.027030013	0.007180397	0.004270749	0.000179841	0.00E+00	0	0.00E+00	0	0	0	0	0	0	0
0	0.000724377	0.000724377	0.001582803	9.98E-03	1.69E-02	1.89E-02	0.032193794	0.051352267	0.065265157	0.093718517	0.129034248	0.126632213	0.136089154	0.109016609	0.07772274	0.058245363	0.03641397	0.01999102	0.009897123	0.004309773	0.001289678	0	0	0	0	0	0	0	0	0	0	0
0.000519146	0.001553162	0.003434602	0.003120701	5.02E-03	9.12E-03	0.01145336	0.013906089	0.032360723	0.049774581	0.086036649	0.104361541	0.127357919	0.134726251	0.145060505	0.108799415	0.08338543	0.04500939	0.02357815	0.007952824	0.002613152	0.000601648	0.000247932	0	0	0	0	0	0	0	0	0	0
0	0	6.12E-05	0.000501916	0.0024576	0.005579647	1.16E-02	0.020051453	0.029072339	0.040549618	0.059184459	0.093255364	0.139453045	0.161742961	0.147728442	0.106522307	0.082639422	0.052741134	0.029223686	0.011648109	4.05E-03	0.001435165	0.000429513	6.26E-05	0	3.12E-05	0	0	0	0	0	0	0
0	0.00000134	0.00000134	0.00000281	0.00050747	0.00137716	0.00348949	0.00907331	0.01489751	0.02132103	0.03698718	0.05843068	0.08128224	0.10876651	0.13968857	0.14890985	0.15162765	0.11157081	0.06523551	0.02953813	0.01046324	0.00502563	0.00108003	0.00059323	0.00012928	0	0	0	0	0	0	0	0
0	0	0	0	0	0	0.00E+00	0.00020837	0.00264505	0.00706238	0.03011535	0.0602679	0.10218155	0.13724426	0.16573275	0.16774466	0.13479294	0.09451673	0.05683382	0.02672744	0.00889447	0.00365344	0.00117248	0.00007212	0.00013429	0	0	0	0	0	0	0	0
0	0	0	0	0.00035563	0	0.00015411	0.00046791	0.01093013	0.02760172	0.04821923	0.08287938	0.11007045	0.13202478	0.14245291	0.12883	0.10972784	0.08478986	0.05209239	0.03563269	0.02241627	0.00647059	0.00194052	0.00134389	0.00105977	0.00048274	0.00005719	0	0	0	0	0	0
0	0	0	0	0	0.0010292	0.00242939	0.00317334	0.00338412	0.00594457	0.02462794	0.05134171	0.09347039	0.12947133	0.1676634	0.1780307	0.13489272	0.0863855	0.06355319	0.03264817	0.01724194	0.0044445	0.0002679	0	0	0	0	0	0	0	0	0	0
0	0	0	0	0	0	0	0	0.008695652	0.014492754	0.043478261	0.08115942	0.086956522	0.150724638	0.144927536	0.153623188	0.127536232	0.107246377	0.052173913	0.023188406	0.005797101	0	0	0	0	0	0	0	0	0	0	0	0
0	0	0	0	0.000172652	0.001035912	0.004834254	0.012171961	0.026243094	0.04644337	0.080887431	0.109375	0.132510359	0.149343923	0.153832873	0.116971685	0.07769337	0.044457873	0.027020028	0.01113605	0.004229972	0.001381215	0.000258978	0	0	0	0	0	0	0	0	0	0
0	0	0	0	0	0	0.00019492	0.00001407	0.0009052	0.00402432	0.00858049	0.01743558	0.03634327	0.05234043	0.09530743	0.14680602	0.1874149	0.19968214	0.14210017	0.0676466	0.02309376	0.00840213	0.00593466	0.00227453	0.00106192	0	0.00018486	0.00018486	0.00006772	0	0	0	0
0	0	0	0	0	0.00036089	0.00083344	0.00440938	0.0080041	0.01871051	0.02972715	0.04739245	0.07307495	0.09920841	0.13997695	0.1634607	0.14867208	0.13729844	0.08027018	0.03448427	0.00950893	0.0033704	0.00107375	0.00016302	0	0	0	0	0	0	0	0	0
0	0	0	0	0.00015795	0.00038497	1.07E-03	2.89E-03	0.00554707	0.01603545	0.031613	0.0553925	0.07484237	0.09491026	0.11038447	0.1236053	0.11994429	0.12019606	0.11571592	0.08031336	0.03569032	0.00882592	0.00185254	0.00031992	0.00016811	0.00013389	0	0	0	0	0	0	0
0	0	0.00003656	0.00026589	0.00019262	0.00024323	0.00072056	1.99E-03	0.00442789	0.00945289	0.01510184	0.03065421	0.05641714	0.08388778	0.12445261	0.14452321	0.1545195	0.13543165	0.10360917	0.07395734	4.08E-02	0.01273744	0.00325383	0.00137932	0.0005942	0.00094936	0.00003186	0.00026193	0.00004848	0.00003325	0.00002355	0.00000416	0
0	0	0.00E+00	0.0000059	0.00022786	0.00010812	0.00045473	0.00103844	0.00339022	0.00810381	0.01873221	0.03076659	0.04935167	0.08675667	0.12638256	0.15541721	0.16518715	0.14048386	0.09828397	0.05915516	0.03182743	0.01522819	0.0057413	0.00239229	0.00064136	0.00024423	0.00003306	0.00004602	0	0	0	0	0
0	0	0	0	0.00E+00	2.57E-05	2.53E-04	0.00120005	0.00316197	0.00652963	0.01287526	0.02838564	0.04950921	0.0897798	0.13238692	0.15290977	0.15293767	0.1341659	0.09319879	6.19E-02	3.07E-02	0.0289121	0.01052544	0.00387317	0.00318045	0.00266883	0.00060024	0.00032631	0	0	0	0	0
0.00042367	0.00079439	0.0009003	0.00100622	0.00078901	0.00146387	2.32E-03	6.74E-03	0.01575902	0.01768397	0.0307252	0.04627281	0.06205381	0.09097907	0.11233064	0.14064308	0.13557934	0.12486908	0.08575097	0.06950802	2.72E-02	0.01424762	0.00574091	0.0021675	0.00197707	0.0011752	0.00017049	0.0003557	0	0	0	0	0
0	0	0	0	0.00004727	0.00077189	0.00068797	0.00230586	0.00376373	0.00634518	0.01065683	0.02117068	0.03774707	0.05945092	0.10048884	0.14608067	0.17825906	0.15907879	0.12865191	0.07843767	0.04090757	0.01720463	0.0054596	0.00164884	0.00052081	0.00020066	0.00007011	0.00001969	0	0	0.00002375	0	0
0	0	0	0	1.86E-04	0.00043246	9.86E-04	0.00264605	0.00520635	0.01015543	0.02374262	0.03743966	0.05239204	0.06991106	0.09534193	0.11494519	0.14215138	0.14310629	0.13066245	0.09176955	0.04839846	0.02105165	0.00623666	0.0021212	0.00070234	0.00027345	0.0000948	4.76E-05	0	0	0	0	0
0	0	0.0000165	0.0000134	0.00012522	0.00080522	0.00158035	0.00313902	0.00585609	0.00974168	0.02013034	0.03219511	0.05305416	0.08144112	0.11210578	0.12827508	0.12029249	0.12794013	0.11452659	0.09127536	0.05419117	0.02549796	0.009384	0.0044539	0.00246923	0.00149008	0	0	0	0	0	0	0
0	0	0	0	0.00011284	0.00015687	0.00009283	0.00071072	0.00213626	0.00549157	0.01341684	0.03081108	0.06340934	0.10531496	0.14358371	0.15143378	0.1345262	0.10932653	0.09734067	0.07005273	0.04498404	0.0195731	0.0053608	0.00138158	0.0006681	0.00007448	0.00004097	0	0	0	0	0	0
0	0	0	0	9.14E-05	0	9.14E-05	0.000548196	0.000913659	0.000730927	0.005573321	0.014984011	0.027957972	0.062951119	0.119049794	0.17514847	0.177980813	0.153129283	0.103974418	0.072087711	0.051621745	0.023024212	0.007492005	0.001644587	0.000365464	0.000365464	0.000182732	9.14E-05	0	0	0	0	0
0	0	8.33E-05	0	0	0.000249979	0.000666611	0.002416465	0.002499792	0.006499458	0.009832514	0.015748688	0.018498458	0.027997667	0.046662778	0.091242396	0.157070244	0.197483543	0.165986168	0.120406633	0.075577035	0.039413382	0.016915257	0.003666361	0.00091659	0	8.33E-05	8.33E-05	0	0	0	0	0
0	0	0.00E+00	0	0.00008694	0.00038114	0.00041471	0.00135785	0.00319284	0.00974147	0.02276385	0.04729023	0.07637703	0.1012369	0.12109679	0.12056108	0.11839232	0.12006668	0.11133538	0.07096259	0.04061938	0.02016508	0.0091467	0.00324521	0.00133923	0.00021293	0.00E+00	0.00E+00	0	0	0	0	0
0	0	0.00E+00	0	0	0	0	0.00030175	0.00185571	0.0057259	0.02013336	0.04390481	0.08287978	0.13690991	0.18063991	0.1502506	0.10179725	0.07470979	0.068029	0.05617446	0.03980841	0.02128406	0.00965715	0.0038169	0.00135805	0.00030567	4.58E-04	0.00E+00	0	0	0	0	0
0	0	1.33E-04	0.00022457	0.00012326	0.00064809	0.00080681	0.00145144	0.00190469	0.00204972	0.00440831	0.00888038	0.01932002	0.03981431	0.08242597	0.13216475	0.1544817	0.16337912	0.13284618	0.0824647	0.05133516	0.03963546	0.03531766	0.02692837	0.01390432	0.00377246	8.39E-04	1.69E-04	0.00009701	0.00011108	0.00016661	0.00011108	0.00005554
0	0	0	0.00011133	0.00024991	0.00030929	0.00098953	0.00321865	0.0044369	0.00869485	0.01562864	0.02809603	0.05416425	0.08786489	0.13275702	0.18250294	0.18406238	0.13376347	0.07824854	0.04664651	0.02645051	0.00893388	0.0023144	0.00052632	0.00002726	0	0	0	0	0	0	0	0
0	0	0	0	0	0.00028424	0	0.00040978	0.00221769	0.00657742	0.01192649	0.02595341	0.04704957	0.08008887	0.1292112	0.15700716	0.1871217	0.15925299	0.10329703	0.05152637	0.02069375	0.01115092	0.00432397	0.00038664	0	0	0	0	0.00152081	0	0	0	0
# Hembras Flota																																
0	0	0	0	0	0	0	0	0	0	0	0	0	0	0	0	0	0	0	0	0	0	0	0	0	0	0	0	0	0	0	0	0
0	0	0	0	0	0	0	0	0	0	0	0	0	0	0	0	0	0	0	0	0	0	0	0	0	0	0	0	0	0	0	0	0
0	0	0	0	0	0	0	0	0	0	0	0	0	0	0	0	0	0	0	0	0	0	0	0	0	0	0	0	0	0	0	0	0
0.00E+00	0.00E+00	0	0	0	0	0	0	0	0	0	0	0	0	0	0	0	0	0	0	0	0	0	0	0	0	0	0	0	0	0	0	0
0	0	0	0	0	0	0	0	0	0	0	0	0	0	0	0	0	0	0	0	0	0	0	0	0	0	0	0	0	0	0	0	0
0	0	0	0	0	0	0	0	0	0	0	0	0	0	0	0	0	0	0	0	0	0	0	0	0	0	0	0	0	0	0	0	0
0.00E+00	0.00E+00	0.00E+00	0.00E+00	0.00E+00	0.00E+00	0.00E+00	0.00E+00	0.00E+00	0.00E+00	0.00E+00	0.00E+00	0.00E+00	0.00E+00	0.00E+00	0.00E+00	0.00E+00	0.00E+00	0.00E+00	0.00E+00	0.00E+00	0.00E+00	0.00E+00	0.00E+00	0.00E+00	0.00E+00	0.00E+00	0.00E+00	0.00E+00	0.00E+00	0.00E+00	0.00E+00	0.00E+00
0	0	0	0	0	0	0	0	0	0	0	0	0	0	0	0	0	0	0	0	0	0	0	0	0	0	0	0	0	0.00E+00	0	0	0
0	0.00E+00	0	0	0	0	0	0	0	0	0	0	0	0	0	0	0.00E+00	0	0	0	0	0	0	0	0	0	0	0	0	0	0	0	0
0	0	0	0	0	0	0	0	0	0	0	0	0	0	0	0	0	0	0	0	0	0	0	0	0	0	0	0	0	0	0	0	0
0	0.00E+00	0	0	0	0	0	0	0	0	0	0	0	0	0	0	0.00E+00	0	0	0	0	0	0	0	0	0	0	0	0	0	0	0	0
0	0	0	0	0	0	0	0	0	0	0	0	0	0	0	0	0	0	0	0	0	0	0	0	0	0	0	0	0	0	0	0	0
0	0.00E+00	0	0	0	0	0	0	0	0	0	0	0	0	0	0	0.00E+00	0	0	0	0	0	0	0	0	0	0	0	0	0	0	0	0
0	0	0	0	0	0	0	0	0	0	0	0	0	0	0	0	0	0	0	0	0	0	0	0	0	0	0	0	0	0	0	0	0
0	0.00E+00	0	0	0	0	0	0	0	0	0	0	0	0	0	0	0.00E+00	0	0	0	0	0	0	0	0	0	0	0	0	0	0	0	0
0	0	0	0	0	0	0	0	0	0	0	0	0	0	0	0	0	0	0	0	0	0	0	0	0	0	0	0	0	0	0	0	0
0	0.00E+00	0	0	0	0	0	0	0	0	0	0	0	0	0	0	0.00E+00	0	0	0	0	0	0	0	0	0	0	0	0	0	0	0	0
0	0	0	0	0	0	0	0	0	0	0	0	0	0	0	0	0	0	0	0	0	0	0	0	0	0	0	0	0	0	0	0	0
0.00E+00	0.00E+00	0	0	0	0	0	0	0	0	0	0	0	0	0	0	0.00E+00	0	0	0	0	0	0	0	0	0	0	0	0	0.00E+00	0	0	0
0	0	0	0	0	0.00E+00	0.00E+00	0	0	0	0	0	0	0	0	0	0	0	0	0	0.00E+00	0	0	0	0	0	0	0	0	0	0	0	0
0	0.00E+00	0	0	0	0.00E+00	0	0	0	0	0	0	0	0	0	0	0.00E+00	0	0	0.00E+00	0	0	0	0	0	0	0	0	0	0	0	0	0
0	0	0	0	0	0	0	0	0	0	0	0	0	0	0	0	0	0	0	0.00E+00	0	0	0	0	0	0	0	0	0	0	0	0	0
0	0.00E+00	0	0	0	0	0	0	0	0	0	0	0	0	0	0	0.00E+00	0	0	0	0	0	0	0	0	0	0	0.00E+00	0.00E+00	0	0	0	0
0	0	0	0	0	0	0	0	0	0	0	0	0	0	0	0	0	0	0	0	0	0	0	0	0	0	0	0.00E+00	0.00E+00	0	0	0	0
0	0.00E+00	0.00E+00	0	0	0	0	0	0	0	0	0	0	0	0	0	0.00E+00	0	0	0	0	0	0	0	0	0	0	0	0	0	0	0	0
0.000204165	0.001429155	0.003266639	0.003266639	6.94E-03	0.008166599	0.012454063	0.013883218	0.018579012	0.02715394	0.035116374	0.043282973	0.040220498	0.046549612	0.055124541	0.067170274	0.081461821	0.0879951	0.08758677	0.081665986	0.075745202	0.079420171	0.051857901	0.033074724	0.020824826	0.009391588	0.004695794	0.00244998	0.000612495	0.000204165	0	0.000204165	0
0	0.000188786	0	0.000188786	0.000377572	0.000188786	0.001132717	0.001699075	0.002831792	0.008872947	0.012459883	0.018312252	0.054370398	0.098546347	0.163299981	0.12988484	0.136303568	0.11780253	0.103077214	0.04946196	0.033415141	0.027562771	0.018312252	0.011515952	0.00434208	0.002454219	0.001510289	0.000755144	0.000377572	0.000377572	0	0.000188786	0.000188786
0	0	0.000167926	0	0.000335852	0.002015113	0.004534005	0.006549118	0.01209068	0.058438287	0.05054576	0.047019312	0.082619647	0.087153652	0.123929471	0.112342569	0.117212427	0.110663308	0.098740554	0.032241814	0.019311503	0.012930311	0.009235936	0.005877414	0.003526448	0.001847187	0.000503778	0	0	0	0	0	0.000167926
0	0	0	0	0	0.000751127	0.000250376	0.001001502	0.002003005	0.007761642	0.010766149	0.021532298	0.060590886	0.087130696	0.111417126	0.111917877	0.143965949	0.125688533	0.123685528	0.080370556	0.048823235	0.029293941	0.014271407	0.009263896	0.004006009	0.001752629	0.001752629	0.000500751	0.000500751	0.001001502	0	0	0
0	0.000290677	0.001453383	0.000799361	0.000290677	0.000363346	0.00087203	0.002107405	0.006394884	0.022454763	0.031320398	0.027541603	0.034227164	0.056027905	0.070852409	0.085386236	0.107186978	0.121502798	0.131240462	0.119976746	0.083569508	0.050941065	0.025434198	0.012499092	0.004650825	0.000944699	0.000581353	0.000508684	0	0.000145338	0	0	0
0.00033557	0.000671141	0.001118568	0.000894855	0.001565996	0.001454139	0.002013423	3.02E-03	0.00458613	0.007718121	0.018680089	0.04787472	0.077852349	0.084563758	0.094407159	0.082885906	0.078299776	0.075838926	7.80E-02	0.102013423	0.097427293	0.077628635	0.03803132	0.015100671	0.005592841	0.001789709	0.000671141	0	0	0	0	0	0
0	0	0	0	0	0.000505817	0.000505817	0.000505817	0.004383746	0.012139605	0.014331479	0.018546619	0.054965436	0.136064745	0.124936773	0.149384589	0.126454224	0.105884337	0.109256449	0.088180745	0.029505985	0.02124431	0.000843028	0.001854662	0.000505817	0	0	0	0	0	0	0	0
0	0	0	0	0	0	0	0.006930007	0.004158004	0.006237006	0.018018018	0.02009702	0.015939016	0.027027027	0.097020097	0.136521137	0.124047124	0.105336105	0.135828136	0.117810118	0.104643105	0.077616078	0.000693001	0	0.000693001	0.000693001	0.000693001	0	0	0	0	0	0
0	0.00E+00	4.85E-04	0.000485437	0	0.000970874	0	0.001456311	0.001941748	0.003883495	0.006796117	0.016504854	0.049514563	0.059223301	0.095631068	7.96E-02	0.105825243	0.112621359	0.1	0.133980583	0.068446602	0.060679612	0.036893204	0.033980583	0.015533981	0.006796117	0.005339806	0.001941748	0.000970874	0	0	0	0
0	0	0	0	0	0	0.000656168	0.001312336	0.000656168	0.002624672	0.010498688	0.016404199	0.030183727	0.050524934	0.067585302	0.06824147	0.084645669	0.110892388	0.127296588	0.137139108	0.091863517	0.080052493	0.045275591	0.035433071	0.018372703	0.011811024	0.005905512	0.002624672	0	0.00E+00	0	0	0
0	0	0.000498256	0.000996512	0.003238665	0.006726457	0.013203787	0.028649726	0.037369208	0.04608869	0.053064275	0.048330842	0.053064275	0.061036373	0.078724464	0.096163428	0.104633782	0.105630294	0.077478824	0.070004983	0.042600897	0.033881415	0.019930244	0.012456403	0.004484305	0.00124564	0.000498256	0	0	0	0	0	0
0	0.000111284	0.000111284	0.000333853	1.78E-03	2.45E-03	0.008123748	1.74E-02	0.038170487	0.072112174	0.110616515	0.122078789	0.126418874	0.099933229	0.079790786	0.061874026	0.060983753	0.059314489	0.057533942	0.03928333	0.020810149	0.011239706	0.006788337	0.002003116	0.000333853	0.000445137	0	0	0	0	0	0	0.00E+00
0	0	0	0	0	0	0	0	0	0	0	0	0	0	0	0	0	0	0	0	0	0	0	0	0	0	0	0	0	0	0	0	0
0.00E+00	0.00E+00	0	0	0	0	0	0	0	0	0	0	0	0	0	0	0	0	0	0.00E+00	0.00E+00	0	0	0	0	0	0	0	0	0	0	0	0
5.90E-05	5.90E-05	5.90E-05	0.000118057	5.90E-05	0.000295142	0.000590284	0.001062511	0.001593767	0.002420164	0.005312555	0.008854259	0.011805679	0.015701552	0.031166991	0.052948468	0.09255652	0.142553568	0.179033115	0.159081518	0.140310489	0.08446963	0.044389351	0.016232808	0.006670208	0.001711823	0.000649312	0	0.000118057	5.90E-05	0	0	0
0	0	0	0.000154357	0.000308713	0.001003319	0.001697924	0.002238172	0.005016593	0.00941576	0.014277996	0.020992514	0.027012426	0.043065524	0.059350158	0.074168403	0.092691209	0.096858841	0.119394922	0.130817319	0.122482056	0.078644748	0.056494559	0.02539168	0.012502894	0.003009956	0.001929459	0.00046307	0.000540249	7.72E-05	0	0	0
0.000228519	0.000228519	0.000685558	0.001142596	0.003199269	0.005484461	0.009597806	0.013939671	0.01416819	0.021252285	0.018738574	0.033592322	0.046160878	0.052787934	0.077010969	0.088893967	0.124314442	0.122714808	0.100776965	0.072440585	0.055987203	0.04821755	0.039305302	0.025137112	0.012340037	0.006627057	0.001142596	0.000685558	0.001371115	0.001599634	0	0	0
0	0.000702247	0.001404494	0.001404494	0.004213483	0.007724719	0.011938202	0.016151685	0.021067416	0.021769663	0.019662921	0.028089888	0.043539326	0.049859551	0.073735955	0.115168539	0.138342697	0.106039326	0.106039326	0.095505618	0.055477528	0.043539326	0.012640449	0.009831461	0.011938202	0.002106742	0.000702247	0.000702247	0.000702247	0	0	0	0
0	0	0	0	0	0	0	0	0	0	0	0	0	0	0	0	0	0	0	0	0	0	0	0	0	0	0	0	0	0	0	0	0
0	0.000649773	0.000649773	0.000649773	0.003248863	0.009096816	0.012345679	0.027290448	0.042235218	0.050682261	0.06042885	0.062378168	0.052631579	0.06042885	0.079272255	0.092267706	0.094866797	0.079922027	0.066926576	0.064327485	0.051981806	0.045484081	0.01754386	0.011695906	0.004548408	0.005847953	0.001949318	0	0	0.000649773	0	0	0
0	0	0.002232143	0.002232143	0	0	0.004464286	0.017857143	0.016741071	0.0234375	0.030133929	0.042410714	0.091517857	0.107142857	0.092633929	0.094866071	0.094866071	0.113839286	0.092633929	0.0546875	0.045758929	0.035714286	0.0234375	0.0078125	0.004464286	0.001116071	0	0	0	0	0	0	0
0	0	0	0	0	0	0	0	0	0	0	0	0	0	0	0	0	0	0	0	0	0	0	0	0	0	0	0	0	0	0	0	0
0	0	0	0	0	0.005279831	0.013727561	0.023231257	0.014783527	0.02217529	0.024287223	0.044350581	0.084477297	0.107708553	0.126715945	0.10031679	0.063357973	0.044350581	0.066525871	0.071805702	0.063357973	0.031678986	0.040126716	0.017951426	0.014783527	0.011615628	0.004223865	0.001055966	0.002111932	0	0	0	0
0	0.000304	4.58E-04	0.00015426	0.000943351	0.002864802	0.003601214	0.004999868	0.009976377	0.018597059	0.018677197	0.034411967	0.034771817	0.057792517	0.099264044	0.109895457	0.11160644	0.133705418	0.101324875	0.09450838	0.065062828	0.048650425	0.030268401	1.25E-02	0.00283896	1.61E-03	0.000594594	0	0.000290594	0	0	0	0
0.000185184	0.000209525	0.001599141	0.003584517	6.99E-03	1.40E-02	1.96E-02	0.026883363	0.038810411	0.050192829	0.048086146	0.053053949	0.067303145	0.076171867	0.092139563	0.100243564	0.101985957	0.098558696	0.070688052	0.055465467	0.031658776	0.023015142	0.009749902	0.005955316	0.002007875	0.001314999	0.000612918	0	0	0	0	0	0
0.000993954	0.002616975	0.004962805	0.005262127	5.77E-03	4.84E-03	0.008647703	0.012106061	0.018228226	0.02646214	0.039875948	0.052139309	0.053585059	0.070167801	0.08472244	0.093760103	0.110339953	0.124100002	0.089408534	0.07433664	0.047797568	0.035045681	0.015121291	0.011556413	0.005063138	0.001701853	0.000637313	0.000444614	0	0	0	0	0
5.23E-05	0.000216218	6.30E-04	0.001293023	0.004137166	0.007127594	1.16E-02	0.018102425	0.023506852	0.031251029	0.033787205	0.044517277	0.058533	0.08051909	0.106579732	0.120529075	0.119690858	0.099849583	0.078653761	0.058549015	3.79E-02	0.030026062	0.017057624	9.03E-03	0.004483685	1.61E-03	0.000587413	0.00012725	0	5.62E-05	0	0	0
0	0.00012546	0.00010459	0.00078711	0.00183365	0.00259505	0.00594835	0.00788577	0.00929051	0.01317654	0.01829824	0.02377796	0.03609481	0.0449083	0.06877828	0.09764598	0.11952119	0.12883953	0.1310119	0.11368537	0.07528545	0.04550567	0.02901677	0.01403299	0.00684731	0.00267398	0.00157531	0.00053202	0.00007777	0.00005236	0.00005901	0	0
0	0	0	0	0	0	0.00E+00	0.00018904	0.0033521	0.00750344	0.01579744	0.03237194	0.06161078	0.1043393	0.15725949	0.18262958	0.16291041	0.11528224	0.07175302	0.04270635	0.0236698	0.00974039	0.00456929	0.00247767	0.00098053	0.00061825	0.00012411	0.00010408	0.00001074	0	0	0	0
0	0	0	0	0.00059025	0.00083307	0.00043799	0.00850952	0.02374149	0.03926178	0.05935867	0.0823662	0.08726278	0.08448057	0.09737968	0.10358667	0.11008416	0.1023785	0.07668194	0.0519579	0.03557621	0.01654234	0.00950049	0.00548943	0.00289619	0.00089714	0.00013798	0.00002776	0.0000213	0	0	0	0
0	0	0.00022455	0	0	0	0.00055275	0.00037986	0.00184698	0.00359357	0.01516927	0.03410464	0.05347254	0.07694032	0.11876649	0.15111593	0.14737248	0.12885628	0.11255211	0.07229561	0.05235748	0.01665582	0.00616397	0.00531539	0.0017804	0.00025521	0.00019322	0.00003513	0	0	0	0	0
0	0	0	0	0	0	0	0	0.004576659	0.004576659	0.029748284	0.054919908	0.080091533	0.109839817	0.151029748	0.164759725	0.164759725	0.107551487	0.066361556	0.04576659	0.016018307	0	0	0	0	0	0	0	0	0	0	0	0
0	6.52E-05	6.52E-05	0	0.000260977	0.000848176	0.002218308	0.008025054	0.01683304	0.031513016	0.052652182	0.060416259	0.07907614	0.094734782	0.117309323	0.13590396	0.1250734	0.099758596	0.068441313	0.045344816	0.028968487	0.01487571	0.010047628	0.004240882	0.002283552	0.000587199	0.000260977	0.000195733	0	0	0	0	0
0	0	0	0.00000481	0	0.00018438	0.00019738	0.00030095	0.00210213	0.0019591	0.00411601	0.00853999	0.0153395	0.02604308	0.0423804	0.07605786	0.11610783	0.13168817	0.13427284	0.13660264	0.12756491	0.08135737	0.05101172	0.0259372	0.00890072	0.00590631	0.00215071	0.00097866	0.00015488	0.00005794	0.00008249	0	0
0	0	0	0	0.00013388	0.00010393	0.00012162	0.00077736	0.0024864	0.0061713	0.00900788	0.01790354	0.02493697	0.04180316	0.06778652	0.09893474	0.12839752	0.14091852	0.1283256	0.11749883	0.0905455	0.06708419	0.0337854	0.01562843	0.00473637	0.00209074	0.00033688	0.00043004	0.0000081	0.0000466	0	0	0
0	0	0	0	0.00005008	0.00016475	9.45E-04	6.55E-04	0.00425925	0.00814695	0.01566057	0.02569802	0.03306369	0.04340007	0.06114112	0.08794531	0.10496159	0.11554719	0.11623181	0.10922947	0.10736353	0.08149501	0.05046529	0.02297347	0.00801298	0.00139503	0.00089565	0.00023182	0.00006732	0	0	0	0
0	0	0.00002155	0	0.00018869	0.00025311	0.00042043	9.98E-04	0.00308497	0.00570157	0.00826716	0.01493463	0.02127474	0.03521511	0.05804083	0.08323996	0.11699682	0.13110146	0.12835623	0.10059768	8.77E-02	0.07264065	0.05946684	0.03983124	0.01671855	0.00620452	0.00326795	0.0015215	0.00097102	0.00037759	0.00049407	0.00044581	0.00034861
0	0	0.00E+00	0.0000334	0.00025492	0.00028108	0.00049146	0.0010718	0.0025263	0.00383015	0.008485	0.01242789	0.01939966	0.02961558	0.05357043	0.07391713	0.10788601	0.12793664	0.13878358	0.11906971	0.10460982	0.07327637	0.05056596	0.03856158	0.01988933	0.00928669	0.00350958	0.00057287	0.00014706	0	0	0	0
0	0	0	0	0.00E+00	1.18E-04	1.74E-04	0.00075025	0.00173005	0.00323726	0.00698824	0.01138449	0.02043088	0.03581538	0.06291489	0.09015513	0.11253561	0.13457164	0.13357764	1.11E-01	8.96E-02	0.06483618	0.05156025	0.03610134	0.01945919	0.0094079	0.00228214	0.00045825	0.00037945	0	0.00013403	0	0
0	0	0.00006289	0	0.00009236	0	6.56E-04	3.77E-03	0.00458005	0.00940255	0.01324489	0.01654532	0.0230482	0.03365745	0.049357	0.0761839	0.10893025	0.12425628	0.12730009	0.11715381	1.00E-01	0.07289507	0.05407606	0.03765425	0.0174444	0.00664351	0.00175561	0.00102919	0.00005766	0.00001022	0.00010754	0	0
0	0	0	0.00003821	0.00033818	0.000478	0.00073857	0.00226581	0.00300669	0.0057853	0.00769752	0.01030516	0.01621189	0.02507142	0.03925748	0.06205174	0.09226195	0.12372575	0.14220021	0.14144823	0.11999513	0.08808084	0.05953346	0.03163911	0.01860982	0.00680075	0.00168611	0.00051446	0.00013756	0.00003274	0.00003274	0.0000276	0
0.00001064	0.00002129	0.00004561	0.00021892	2.15E-04	0.00097746	2.13E-03	0.00257044	0.00522689	0.00994044	0.01606566	0.02083018	0.02821716	0.02861446	0.03975503	0.06011504	0.08177889	0.09898032	0.12286439	0.13800543	0.12410946	0.09225006	0.05910073	0.03909051	0.01844263	0.00681818	0.00208088	1.19E-03	0.000166	0.00011444	0.00003815	0	0
0	0	0	0.00035815	0.00021386	0.00094588	0.00312593	0.00417812	0.00641268	0.00921869	0.01356156	0.01986779	0.02294603	0.03208781	0.04853914	0.07257995	0.08702038	0.0982928	0.09534608	0.10500167	0.10680925	0.09458916	0.07981376	0.0533658	0.02914162	0.01274691	0.003468	0.0002764	0.00009257	0	0	0	0
0	0	0	0.00028235	0	0.0002405	0.0004134	0.00098475	0.00245994	0.00494596	0.00860948	0.01364426	0.01897954	0.02848074	0.04523852	0.06895624	0.08557981	0.09991989	0.11101081	0.11420983	0.10772192	0.10459055	0.08369636	0.05554779	0.02890696	0.01164675	0.00260497	0.00072138	0.00045507	0.0001075	0.00004472	0	0
0	0	0	0	6.37E-05	6.37E-05	1.27E-04	6.37E-05	0.000318654	0.001083424	0.00235804	0.005289656	0.008603658	0.014020776	0.026575744	0.049072717	0.076413231	0.110445478	0.119941368	0.131221719	0.122363138	0.103498821	0.092027277	0.076795615	0.041998598	0.014211969	0.00235804	6.37E-04	0.000127462	2.55E-04	0	0	6.37E-05
0	0	0.00E+00	0	6.05E-05	0.000181598	0.000605327	0.001513317	0.003389831	0.005387409	0.007506053	0.007687651	0.008535109	0.009261501	0.01464891	0.025363196	0.049878935	0.088075061	0.126271186	0.134140436	0.134927361	0.119673123	0.104782082	0.082929782	0.049273608	0.018644068	4.54E-03	1.21E-03	0.000121065	0.000423729	0	0	0.000363196
0	0	4.42E-05	0.00010023	4.12E-04	0.00075196	0.00169388	0.00274719	0.00443652	0.00640336	0.00994407	0.01495335	0.02131393	0.03477895	0.04977221	0.07108744	0.09036562	0.11791834	0.14055286	0.13088746	0.09522005	0.07354149	0.05299168	0.03863116	0.02330684	0.01109664	4.00E-03	1.02E-03	0.00107878	0.00020139	0.00045314	0.00023344	0.00004815
0	0	0.00E+00	0	5.51E-05	0.00005509	0.00018266	0.00045263	0.00113451	0.00155491	0.00567172	0.00953086	0.02082576	0.03260299	0.05800473	0.09617601	0.12247873	0.12187353	0.11657477	0.10465263	0.08366261	0.06460722	0.06233783	0.04744362	0.02914794	0.01210018	5.53E-03	2.00E-03	0.00106689	0.00020884	0.00006961	0	0
0	0	0.00013335	0.00022457	0.00012326	0.00064809	0.00080681	0.00145144	0.00190469	0.00204972	0.00440831	0.00888038	0.01932002	0.03981431	0.08242597	0.13216475	0.1544817	0.16337912	0.13284618	0.0824647	0.05133516	0.03963546	0.03531766	0.02692837	0.01390432	0.00377246	0.00083893	0.00016862	0.00009701	0.00011108	0.00016661	0.00011108	0.00005554
0	0	0.00004173	0.00003824	0.00023874	0.00079775	0.00208558	0.00333308	0.00564144	0.00674349	0.00918926	0.01064739	0.02600338	0.04111176	0.05564182	0.07184961	0.11065223	0.14083238	0.13222509	0.1068352	0.08691632	0.07027757	0.05606012	0.03821184	0.01812225	0.00503893	0.00125226	0.00019448	0.00001555	0	0	0	0
0	0	0	0	0	0.00004944	0.00013701	0.00088823	0.00123299	0.00418253	0.00595875	0.00936775	0.01559681	0.02990674	0.04018324	0.07118559	0.09531723	0.11080513	0.12952916	0.13205372	0.13305465	0.08977789	0.06571137	0.03956321	0.01723301	0.00548626	0.00157082	0.00053542	0.00056922	0.00010383	0	0	0
#Crucero Machos																																
0	0	0.0	0	0	0	0	0	0	0	0	0	0	0	0	0	0	0	0	0	0	0	0	0	0	0	0	0.00E+00	0.00E+00	0.00E+00	0.00E+00	0.00E+00	0.00E+00
0	0	0.0	0	0	0	0	0	0	0	0	0	0	0	0	0	0	0	0	0	0	0	0	0	0	0	0	0	0	0.00E+00	0	0	0
0	0	0.0	0	0	0	0	0	0	0	0	0	0	0	0	0	0	0	0	0	0	0	0	0	0	0	0	0	0	0.00E+00	0	0	0
0.00E+00	0	0.0	0	0	0	0	0	0	0	0	0	0	0	0	0	0	0	0	0	0	0	0	0	0	0	0	0	0	0.00E+00	0	0	0
0	0	0.0	0	0	0	0	0	0	0	0	0	0	0	0	0	0	0	0	0	0	0	0	0	0	0	0	0	0	0.00E+00	0	0	0
0	0	0.0	0	0	0	0	0	0	0	0	0	0	0	0	0	0	0	0	0	0	0	0	0	0	0	0	0	0	0.00E+00	0	0	0
0.00E+00	0	0.0	0.00E+00	0.00E+00	0.00E+00	0.00E+00	0.00E+00	0.00E+00	0.00E+00	0.00E+00	0.00E+00	0.00E+00	0.00E+00	0.00E+00	0.00E+00	0.00E+00	0.00E+00	0.00E+00	0.00E+00	0.00E+00	0.00E+00	0.00E+00	0.00E+00	0.00E+00	0.00E+00	0.00E+00	0.00E+00	0.00E+00	0.00E+00	0.00E+00	0.00E+00	0.00E+00
0	0	0.0	0	0	0	0	0	0	0	0	0	0	0	0	0	0	0	0	0	0	0	0	0	0	0	0	0	0	0.00E+00	0	0	0
0	0	0.0	0	0	0	0	0	0	0	0	0	0	0	0	0	0.00E+00	0	0	0	0	0	0	0	0	0	0	0	0	0.00E+00	0	0	0
0	0	0.0	0	0	0	0	0	0	0	0	0	0	0	0	0	0	0	0	0	0	0	0	0	0	0	0	0	0	0.00E+00	0	0	0
0	0	0.0	0	0	0	0	0	0	0	0	0	0	0	0	0	0.00E+00	0	0	0	0	0	0	0	0	0	0	0	0	0.00E+00	0	0	0
0	0	0.0	0	0	0	0	0	0	0	0	0	0	0	0	0	0	0	0	0	0	0	0	0	0	0	0	0	0	0.00E+00	0	0	0
0	0	0.0	0	0	0	0	0	0	0	0	0	0	0	0	0	0.00E+00	0	0	0	0	0	0	0	0	0	0	0	0	0.00E+00	0	0	0
0	0	0.0	0	0	0	0	0	0	0	0	0	0	0	0	0	0	0	0	0	0	0	0	0	0	0	0	0	0	0.00E+00	0	0	0
0	0	0.0	0	0	0	0	0	0	0	0	0	0	0	0	0	0.00E+00	0	0	0	0	0	0	0	0	0	0	0	0	0.00E+00	0	0	0
0	0	0.0	0	0	0	0	0	0	0	0	0	0	0	0	0	0	0	0	0	0	0	0	0	0	0	0	0	0	0.00E+00	0	0	0
0	0	0.0	0	0	0	0	0	0	0	0	0	0	0	0	0	0.00E+00	0	0	0	0	0	0	0	0	0	0	0	0	0.00E+00	0	0	0
0	0	0.0	0	0	0	0	0	0	0	0	0	0	0	0	0	0	0	0	0	0	0	0	0	0	0	0	0	0	0.00E+00	0	0	0
0.00E+00	0	0.0	0	0	0	0	0	0	0	0	0	0	0	0	0	0.00E+00	0	0	0	0	0	0	0	0	0	0	0	0	0.00E+00	0	0	0
0	0	0.0	0	0	0.00E+00	0.00E+00	0	0	0	0	0	0	0	0	0	0	0	0	0	0.00E+00	0	0	0	0	0	0	0	0	0.00E+00	0	0	0
0	0	0.0	0	0	0.00E+00	0	0	0	0	0	0	0	0	0	0	0.00E+00	0	0	0.00E+00	0	0	0	0	0	0	0	0	0	0.00E+00	0	0	0
0	0	0.0	0	0	0	0	0	0	0	0	0	0	0	0	0	0	0	0	0.00E+00	0	0	0	0	0	0	0	0	0	0.00E+00	0	0	0
0	0.00E+00	0	0	0	0	0	0	0	0	0	0	0	0	0	0	0.00E+00	0	0	0	0	0	0	0	0	0	0	0.00E+00	0.00E+00	0.00E+00	0	0	0
0	0	0	0	0	0	0	0	0	0	0	0	0	0	0	0	0	0	0	0	0	0	0	0	0	0	0	0.00E+00	0.00E+00	0.00E+00	0	0	0
0	0.00E+00	0.00E+00	0	0	0	0	0	0	0	0	0	0	0	0	0	0.00E+00	0	0	0	0	0	0	0	0	0	0	0	0	0.00E+00	0	0	0
0	0	0	0	0.00E+00	0	0	0	0	0	0	0	0	0	0	0	0	0	0	0	0	0	0	0	0	0	0	0	0	0.00E+00	0	0	0
0	0	0	0	0	0	0	0	0	0	0	0	0	0	0	0	0	0	0	0	0	0	0	0	0	0	0	0	0	0.00E+00	0	0	0
0	0	0	0	0	0	0	0	0	0	0	0	0	0	0	0	0	0	0	0	0	0	0	0	0	0	0	0	0	0.00E+00	0	0	0
0	0	0	0	0	0	0	0	0	0	0	0	0	0	0	0	0	0	0	0	0	0	0	0	0	0	0	0	0	0.00E+00	0	0	0
0	0	0	0	0	0	0	0	0	0	0	0	0	0	0	0	0	0	0	0	0	0	0	0	0	0	0	0	0	0.00E+00	0	0	0
0	0	0	0	0	0	0	0.00E+00	0	0	0	0	0	0	0	0	0	0	0.00E+00	0	0	0	0	0	0	0	0	0	0	0.00E+00	0	0	0
0	0	0	0	0	0	0	0	0	0	0	0	0	0	0	0	0	0	0	0	0	0	0	0	0	0	0	0	0	0.00E+00	0	0	0
0	0	0	0	0	0	0	0	0	0	0	0	0	0	0	0	0	0	0	0	0	0	0	0	0	0	0	0	0	0.00E+00	0	0	0
0	0.00E+00	0.00E+00	0	0	0	0	0	0	0	0	0	0	0	0	0.00E+00	0	0	0	0	0	0	0	0	0	0	0	0	0	0.00E+00	0	0	0
0	0	0	0	0	0	0	0	0	0	0	0	0	0	0	0	0	0	0	0	0	0	0	0	0	0	0	0	0	0.00E+00	0	0	0
0	0	0	0	0.00E+00	0	0	0	0	0	0	0	0	0	0	0	0	0	0	0	0	0	0	0	0	0	0	0	0	0.00E+00	0.00E+00	0	0
0	0	0	0	0.00E+00	0.00E+00	0	0.00E+00	0	0	0	0	0	0	0	0	0	0	0	0	0	0	0	0	0	0	0	0	0	0.00E+00	0	0	0.00E+00
0	0	0	0	0.00E+00	0.00E+00	0	0	0	0	0	0	0	0	0	0	0	0	0	0	0	0	0	0	0	0	0	0	0	0.00E+00	0.00E+00	0	0
0.00E+00	0.00E+00	0	0.00E+00	0.00E+00	0.00E+00	0.00E+00	0.00E+00	0.00E+00	0.00E+00	0.00E+00	0.00E+00	0.00E+00	0.00E+00	0.00E+00	0.00E+00	0.00E+00	0.00E+00	0.00E+00	0.00E+00	0.00E+00	0.00E+00	0.00E+00	0.00E+00	0.00E+00	0.00E+00	0.00E+00	0.00E+00	0.00E+00	0.00E+00	0.00E+00	0.00E+00	0.00E+00
0.00E+00	0.00E+00	0.00E+00	0	0.00E+00	0	0	0	0	0	0	0	0	0	0	0	0	0	0	0	0	0	0	0	0	0	0	0	0	0.00E+00	0.00E+00	0	0
0	0	0	0	0.00E+00	0	0	0	0	0	0	0	0	0	0	0	0	0	0	0	0	0	0	0	0	0	0	0	0	0.00E+00	0.00E+00	0	0
0	0	0	0	0.00E+00	0	0	0	0	0	0	0	0	0	0	0	0	0	0	0	0	0	0	0	0	0	0	0	0	0.00E+00	0.00E+00	0	0
0	0	0	0	0.00E+00	0	0	0	0	0	0	0	0	0	0	0	0	0	0	0	0	0	0	0	0	0	0	0	0	0.00E+00	0.00E+00	0	0
0	0	0	0	0.00E+00	0	0	0	0	0	0	0	0	0	0	0	0	0	0	0	0	0	0	0	0	0	0	0	0	0.00E+00	0.00E+00	0	0
0	0	0	0	0.00E+00	0	0	0	0	0	0	0	0	0	0	0	0	0	0	0	0	0	0	0	0	0	0	0	0	0.00E+00	0.00E+00	0	0
0	0	0	0	0.00E+00	0	0	0	0	0	0	0	0	0	0	0	0	0	0	0	0	0	0	0	0	0	0	0	0	0.00E+00	0.00E+00	0	0
0	0	0	0	0.00E+00	0	0	0	0	0	0	0	0	0	0	0	0	0	0	0	0	0	0	0	0	0	0	0	0	0.00E+00	0.00E+00	0	0
0	0	0	0	0.00E+00	0	0	0	0	0	0	0	0	0	0	0	0	0	0	0	0	0	0	0	0	0	0	0	0	0.00E+00	0.00E+00	0	0
0	0	0.00E+00	0	0.00E+00	0	0	0	0	0	0	0	0	0	0	0	0	0	0	0	0	0	0	0.00E+00	0	0.00E+00	0	0	0	0.00E+00	0.00E+00	0	0
0	0	0	0	0.00E+00	0.00E+00	0.00E+00	0	0	0	0	0	0	0	0	0	0	0	0	0	0	0	0	0	0	0	0	0	0	0.00E+00	0.00E+00	0	0
0	0	0	0	0.00E+00	0.00E+00	0	0	0	0	0	0	0	0	0	0	0	0	0	0	0	0	0	0	0	0	0	0	0	0.00E+00	0.00E+00	0	0
0.00E+00	0	0.00E+00	0	0.00E+00	0	0.00E+00	0	0	0	0	0	0	0	0	0	0	0	0	0	0.00E+00	0	0	0.00E+00	0	0.00E+00	0	0	0	0.00E+00	0.00E+00	0	0
0	0	0	0	0.00E+00	0	0	0	0	0	0	0	0	0	0	0	0	0	0	0	0	0	0	0	0	0	0	0	0	0.00E+00	0.00E+00	0	0
0	0	0	0	0.00E+00	0	0.00E+00	0	0	0	0	0	0	0	0	0	0	0	0	0	0	0	0	0	0	0	0	0	0	0.00E+00	0.00E+00	0	0
0	0	0	0	0	0.001321004	0.002642008	0.003963012	0.007265522	0.010568032	0.024438573	0.044253633	0.068031704	0.074636724	0.161162483	0.235799207	0.125495376	0.058784676	0.046235139	0.025099075	0.015191546	0.010568032	0.014531044	0.012549538	0.008586526	0.010568032	0.007265522	0.009247028	0.007265522	0.003963012	0.001981506	0.001981506	0.003963012
0	0	0	0	0.00E+00	0	0	0	0	0	0	0	0	0	0	0	0	0	0	0	0	0	0	0	0	0	0	0	0	0.00E+00	0.00E+00	0	0
0	0	0	0.000467946	0.000233973	0.001169864	0.003041647	0.006083294	0.012634534	0.019887693	0.068086102	0.113242864	0.163079083	0.161675246	0.14319139	0.120963968	0.072765559	0.02948058	0.026438933	0.013570426	0.010528779	0.005147403	0.005849321	0.004679457	0.003041647	0.004211511	0.004211511	0.00163781	0.00163781	0.001169864	0.000935891	0.000467946	0.000467946
0	0.00E+00	0.00E+00	0	0.00E+00	0	0	0	0	0	0	0	0	0	0	0	0	0	0	0	0	0	0	0	0	0	0	0	0	0.00E+00	0.00E+00	0	0
0	0	0	0	0	0	0	0	0	0	0	0	0	0	0	0	0	0	0	0	0	0	0	0	0	0	0	0	0	0	0	0	0
0	0	0	0	0.00E+00	0	0	0	0	0	0	0	0	0	0	0	0	0	0	0	0	0	0	0	0	0	0	0	0	0.00E+00	0.00E+00	0	0
0	0	0	0	0	0	0.00E+00	0.00E+00	0	0	0	0	0	0	0	0	0	0	0	0	0	0	0	0	0	0	0	0	0	0	0	0	0
0	0	0	0	0.00E+00	0	0	0.00E+00	0	0	0	0	0	0	0	0	0	0	0	0	0.00E+00	0	0	0	0	0	0	0	0	0.00E+00	0.00E+00	0	0
0	0	0.00E+00	0	0	0	0	0	0	0	0	0	0	0	0	0	0	0	0	0	0	0	0	0	0	0	0	0	0	0	0	0	0
0	0	0	0	0.00E+00	5.07E-04	4.35E-04	0.001013905	0.001520857	0.003114137	0.004345307	0.01419467	0.028316918	0.067062572	0.124420626	0.132531866	0.213282155	0.153316918	0.12579664	6.71E-02	3.22E-02	0.022233488	0.00485226	0.002172654	0.001013905	7.24E-05	0.000362109	7.24E-05	0	0	7.24E-05	0	0
0	0.00014242	0.000284839	0.000569679	0.000712099	0.000925728	1.14E-03	3.49E-03	0.005554369	0.007904294	0.015310119	0.021434166	0.037385174	0.073559781	0.118706829	0.184077476	0.198817916	0.158014669	0.094353058	0.046927295	2.09E-02	0.006480097	0.001851456	0.000427259	0.00014242	0.000284839	0	0	0.000356049	7.12E-05	0	0	0
0	0	0	0	0	0	0	0	0	0	0	0	0	0	0	0	0	0	0	0	0	0	0	0	0	0	0	0	0	0	0	0	0
0	0	9.15E-05	0	0.00E+00	0.000274424	9.15E-04	0.001646542	0.002744237	0.004756678	0.011708745	0.026253202	0.05204903	0.071350165	0.07226491	0.079582876	0.117544823	0.15852543	0.167672887	0.12550311	0.068148555	0.026344676	0.00841566	0.003018661	0.000640322	0.000274424	0.000182949	0.00E+00	0	9.15E-05	0	0	0
0	0	0	0	0.000205498	0	0.00035449	0.001004616	0.002229938	0.004640398	0.012228863	0.025854174	0.060923982	0.091988804	0.118486179	0.125175128	0.119113802	0.116773201	0.115934517	0.104349968	0.059521476	0.02286147	0.009923007	0.004445657	0.002643283	0.00078663	0.000391707	5.35E-05	5.35E-05	5.61E-05	0	0	0
0	0	0	0	7.28E-05	7.28E-05	0.000291184	0.000436777	0.000509573	0.001892699	0.005386911	0.014195239	0.026570576	0.057508918	0.105117566	0.152216641	0.176821722	0.151779865	0.105481546	0.089975977	0.059838393	0.03115673	0.01361287	0.004440562	0.001965495	0.000436777	7.28E-05	0.000145592	0	0	0	0	0
0	0	0	9.22E-05	0.00E+00	0.00E+00	1.84E-04	4.61E-04	0.001198488	0.000921914	0.001106297	0.002581359	0.008850373	0.025997972	0.054024154	0.098368212	0.154973725	0.201345994	0.173043238	0.116068959	0.082787868	0.045358164	0.022218125	0.007744077	0.001751636	0.000737531	0	9.22E-05	0	0.00E+00	9.22E-05	0	0.00E+00
0	0	0.00E+00	0	0.00E+00	0.000039907	0.00034593	0.000197771	0.00230752	0.005346289	0.015084496	0.036962301	0.068077901	0.118179335	0.165896893	0.181880332	0.171653359	0.116735071	0.064913692	0.029443415	0.013964699	0.004916252	0.002722446	0.00133046	0.000001932	0	0.00E+00	0.00E+00	0	0	0	0	0
0	0	0	0	0	3.71E-05	0.000592827	0.001343741	0.004624049	0.011686098	0.028505088	0.047048217	0.074720877	0.091184172	0.092303132	0.087812469	0.085801798	0.107042288	0.135421401	0.113825215	0.069434838	0.03208428	0.011935579	0.003831143	0.000503903	0.000172908	8.89E-05	0	0	0	0	0	0
0	0	0	0	0	0	0.000146445	0.000512558	0.001025115	0.003075346	0.010836933	0.031485685	0.083400454	0.129823534	0.159185766	0.154426302	0.120524273	0.096946621	0.079592883	0.067511166	0.037197042	0.016035733	0.00637036	0.001244783	0.000439335	0	0.000146445	0	7.32E-05	0	0	0	0
0	0	0	0	0	0	0	0.000394173	0.00160868	0.004563481	0.011250101	0.019407124	0.032798523	0.058402798	0.120998062	0.161989926	0.190362744	0.143415131	0.10190481	0.073973312	0.047058902	0.0195484	0.008034073	0.002670583	0.00140393	7.13E-05	7.13E-05	7.26E-05	0	0	0	0	0
0	0	0.000124239	0	0.000248478	0.000372717	0.00124239	0.004224127	0.008696733	0.014287489	0.020250963	0.028202261	0.04509877	0.066592123	0.097030687	0.158032054	0.167225742	0.156168468	0.112809045	0.05926202	0.034414213	0.018138899	0.005342279	0.00124239	0.000621195	0.000124239	0.000124239	0.000124239	0	0	0	0	0
0	0	0	0	0	0	0	0	0	0	0	0	0	0	0	0	0	0	0	0	0	0	0	0	0	0	0	0 	0 	0 	0 	0 	0 
#Crucero Hembras																																
0	0	0.0	0	0	0	0	0	0	0	0	0	0	0	0	0	0	0	0	0	0	0	0	0	0	0	0	0.00E+00	0.00E+00	0.00E+00	0.00E+00	0.00E+00	0.00E+00
0	0	0.0	0	0	0	0	0	0	0	0	0	0	0	0	0	0	0	0	0	0	0	0	0	0	0	0	0	0	0.00E+00	0	0	0
0	0	0.0	0	0	0	0	0	0	0	0	0	0	0	0	0	0	0	0	0	0	0	0	0	0	0	0	0	0	0.00E+00	0	0	0
0.00E+00	0	0.0	0	0	0	0	0	0	0	0	0	0	0	0	0	0	0	0	0	0	0	0	0	0	0	0	0	0	0.00E+00	0	0	0
0	0	0.0	0	0	0	0	0	0	0	0	0	0	0	0	0	0	0	0	0	0	0	0	0	0	0	0	0	0	0.00E+00	0	0	0
0	0	0.0	0	0	0	0	0	0	0	0	0	0	0	0	0	0	0	0	0	0	0	0	0	0	0	0	0	0	0.00E+00	0	0	0
0.00E+00	0	0.0	0.00E+00	0.00E+00	0.00E+00	0.00E+00	0.00E+00	0.00E+00	0.00E+00	0.00E+00	0.00E+00	0.00E+00	0.00E+00	0.00E+00	0.00E+00	0.00E+00	0.00E+00	0.00E+00	0.00E+00	0.00E+00	0.00E+00	0.00E+00	0.00E+00	0.00E+00	0.00E+00	0.00E+00	0.00E+00	0.00E+00	0.00E+00	0.00E+00	0.00E+00	0.00E+00
0	0	0.0	0	0	0	0	0	0	0	0	0	0	0	0	0	0	0	0	0	0	0	0	0	0	0	0	0	0	0.00E+00	0	0	0
0	0	0.0	0	0	0	0	0	0	0	0	0	0	0	0	0	0.00E+00	0	0	0	0	0	0	0	0	0	0	0	0	0.00E+00	0	0	0
0	0	0.0	0	0	0	0	0	0	0	0	0	0	0	0	0	0	0	0	0	0	0	0	0	0	0	0	0	0	0.00E+00	0	0	0
0	0	0.0	0	0	0	0	0	0	0	0	0	0	0	0	0	0.00E+00	0	0	0	0	0	0	0	0	0	0	0	0	0.00E+00	0	0	0
0	0	0.0	0	0	0	0	0	0	0	0	0	0	0	0	0	0	0	0	0	0	0	0	0	0	0	0	0	0	0.00E+00	0	0	0
0	0	0.0	0	0	0	0	0	0	0	0	0	0	0	0	0	0.00E+00	0	0	0	0	0	0	0	0	0	0	0	0	0.00E+00	0	0	0
0	0	0.0	0	0	0	0	0	0	0	0	0	0	0	0	0	0	0	0	0	0	0	0	0	0	0	0	0	0	0.00E+00	0	0	0
0	0	0.0	0	0	0	0	0	0	0	0	0	0	0	0	0	0.00E+00	0	0	0	0	0	0	0	0	0	0	0	0	0.00E+00	0	0	0
0	0	0.0	0	0	0	0	0	0	0	0	0	0	0	0	0	0	0	0	0	0	0	0	0	0	0	0	0	0	0.00E+00	0	0	0
0	0	0.0	0	0	0	0	0	0	0	0	0	0	0	0	0	0.00E+00	0	0	0	0	0	0	0	0	0	0	0	0	0.00E+00	0	0	0
0	0	0.0	0	0	0	0	0	0	0	0	0	0	0	0	0	0	0	0	0	0	0	0	0	0	0	0	0	0	0.00E+00	0	0	0
0.00E+00	0	0.0	0	0	0	0	0	0	0	0	0	0	0	0	0	0.00E+00	0	0	0	0	0	0	0	0	0	0	0	0	0.00E+00	0	0	0
0	0	0.0	0	0	0.00E+00	0.00E+00	0	0	0	0	0	0	0	0	0	0	0	0	0	0.00E+00	0	0	0	0	0	0	0	0	0.00E+00	0	0	0
0	0	0.0	0	0	0.00E+00	0	0	0	0	0	0	0	0	0	0	0.00E+00	0	0	0.00E+00	0	0	0	0	0	0	0	0	0	0.00E+00	0	0	0
0	0	0.0	0	0	0	0	0	0	0	0	0	0	0	0	0	0	0	0	0.00E+00	0	0	0	0	0	0	0	0	0	0.00E+00	0	0	0
0	0.00E+00	0	0	0	0	0	0	0	0	0	0	0	0	0	0	0.00E+00	0	0	0	0	0	0	0	0	0	0	0.00E+00	0.00E+00	0.00E+00	0	0	0
0	0	0	0	0	0	0	0	0	0	0	0	0	0	0	0	0	0	0	0	0	0	0	0	0	0	0	0.00E+00	0.00E+00	0.00E+00	0	0	0
0	0.00E+00	0.00E+00	0	0	0	0	0	0	0	0	0	0	0	0	0	0.00E+00	0	0	0	0	0	0	0	0	0	0	0	0	0.00E+00	0	0	0
0	0	0	0	0.00E+00	0	0	0	0	0	0	0	0	0	0	0	0	0	0	0	0	0	0	0	0	0	0	0	0	0.00E+00	0	0	0
0	0	0	0	0	0	0	0	0	0	0	0	0	0	0	0	0	0	0	0	0	0	0	0	0	0	0	0	0	0.00E+00	0	0	0
0	0	0	0	0	0	0	0	0	0	0	0	0	0	0	0	0	0	0	0	0	0	0	0	0	0	0	0	0	0.00E+00	0	0	0
0	0	0	0	0	0	0	0	0	0	0	0	0	0	0	0	0	0	0	0	0	0	0	0	0	0	0	0	0	0.00E+00	0	0	0
0	0	0	0	0	0	0	0	0	0	0	0	0	0	0	0	0	0	0	0	0	0	0	0	0	0	0	0	0	0.00E+00	0	0	0
0	0	0	0	0	0	0	0.00E+00	0	0	0	0	0	0	0	0	0	0	0.00E+00	0	0	0	0	0	0	0	0	0	0	0.00E+00	0	0	0
0	0	0	0	0	0	0	0	0	0	0	0	0	0	0	0	0	0	0	0	0	0	0	0	0	0	0	0	0	0.00E+00	0	0	0
0	0	0	0	0	0	0	0	0	0	0	0	0	0	0	0	0	0	0	0	0	0	0	0	0	0	0	0	0	0.00E+00	0	0	0
0	0.00E+00	0.00E+00	0	0	0	0	0	0	0	0	0	0	0	0	0.00E+00	0	0	0	0	0	0	0	0	0	0	0	0	0	0.00E+00	0	0	0
0	0	0	0	0	0	0	0	0	0	0	0	0	0	0	0	0	0	0	0	0	0	0	0	0	0	0	0	0	0.00E+00	0	0	0
0	0	0	0	0.00E+00	0	0	0	0	0	0	0	0	0	0	0	0	0	0	0	0	0	0	0	0	0	0	0	0	0.00E+00	0.00E+00	0	0
0	0	0	0	0.00E+00	0.00E+00	0	0.00E+00	0	0	0	0	0	0	0	0	0	0	0	0	0	0	0	0	0	0	0	0	0	0.00E+00	0	0	0.00E+00
0	0	0	0	0.00E+00	0.00E+00	0	0	0	0	0	0	0	0	0	0	0	0	0	0	0	0	0	0	0	0	0	0	0	0.00E+00	0.00E+00	0	0
0.00E+00	0.00E+00	0	0.00E+00	0.00E+00	0.00E+00	0.00E+00	0.00E+00	0.00E+00	0.00E+00	0.00E+00	0.00E+00	0.00E+00	0.00E+00	0.00E+00	0.00E+00	0.00E+00	0.00E+00	0.00E+00	0.00E+00	0.00E+00	0.00E+00	0.00E+00	0.00E+00	0.00E+00	0.00E+00	0.00E+00	0.00E+00	0.00E+00	0.00E+00	0.00E+00	0.00E+00	0.00E+00
0.00E+00	0.00E+00	0.00E+00	0	0.00E+00	0	0	0	0	0	0	0	0	0	0	0	0	0	0	0	0	0	0	0	0	0	0	0	0	0.00E+00	0.00E+00	0	0
0	0	0	0	0.00E+00	0	0	0	0	0	0	0	0	0	0	0	0	0	0	0	0	0	0	0	0	0	0	0	0	0.00E+00	0.00E+00	0	0
0	0	0	0	0.00E+00	0	0	0	0	0	0	0	0	0	0	0	0	0	0	0	0	0	0	0	0	0	0	0	0	0.00E+00	0.00E+00	0	0
0	0	0	0	0.00E+00	0	0	0	0	0	0	0	0	0	0	0	0	0	0	0	0	0	0	0	0	0	0	0	0	0.00E+00	0.00E+00	0	0
0	0	0	0	0.00E+00	0	0	0	0	0	0	0	0	0	0	0	0	0	0	0	0	0	0	0	0	0	0	0	0	0.00E+00	0.00E+00	0	0
0	0	0	0	0.00E+00	0	0	0	0	0	0	0	0	0	0	0	0	0	0	0	0	0	0	0	0	0	0	0	0	0.00E+00	0.00E+00	0	0
0	0	0	0	0.00E+00	0	0	0	0	0	0	0	0	0	0	0	0	0	0	0	0	0	0	0	0	0	0	0	0	0.00E+00	0.00E+00	0	0
0	0	0	0	0.00E+00	0	0	0	0	0	0	0	0	0	0	0	0	0	0	0	0	0	0	0	0	0	0	0	0	0.00E+00	0.00E+00	0	0
0	0	0	0	0.00E+00	0	0	0	0	0	0	0	0	0	0	0	0	0	0	0	0	0	0	0	0	0	0	0	0	0.00E+00	0.00E+00	0	0
0	0	0.00E+00	0	0.00E+00	0	0	0	0	0	0	0	0	0	0	0	0	0	0	0	0	0	0	0.00E+00	0	0.00E+00	0	0	0	0.00E+00	0.00E+00	0	0
0	0	0	0	0.00E+00	0.00E+00	0.00E+00	0	0	0	0	0	0	0	0	0	0	0	0	0	0	0	0	0	0	0	0	0	0	0.00E+00	0.00E+00	0	0
0	0	0	0	0.00E+00	0.00E+00	0	0	0	0	0	0	0	0	0	0	0	0	0	0	0	0	0	0	0	0	0	0	0	0.00E+00	0.00E+00	0	0
0.00E+00	0	0.00E+00	0	0.00E+00	0	0.00E+00	0	0	0	0	0	0	0	0	0	0	0	0	0	0.00E+00	0	0	0.00E+00	0	0.00E+00	0	0	0	0.00E+00	0.00E+00	0	0
0	0	0	0	0.00E+00	0	0	0	0	0	0	0	0	0	0	0	0	0	0	0	0	0	0	0	0	0	0	0	0	0.00E+00	0.00E+00	0	0
0	0	0	0	0.00E+00	0	0.00E+00	0	0	0	0	0	0	0	0	0	0	0	0	0	0	0	0	0	0	0	0	0	0	0.00E+00	0.00E+00	0	0
0	0	0.00027248	0	0.000817439	0	0.000544959	0.001089918	0.002724796	0.004632153	0.010899183	0.020163488	0.030245232	0.048501362	0.060217984	0.071117166	0.137057221	0.161852861	0.16893733	0.121253406	0.05640327	0.038964578	0.033242507	0.017711172	0.008446866	0.003542234	0.00027248	0.00027248	0.00027248	0	0	0	0
0	0	0	0	0.00E+00	0	0	0	0	0	0	0	0	0	0	0	0	0	0	0	0	0	0	0	0	0	0	0	0	0.00E+00	0.00E+00	0	0
0	0	0	0	0	0	0	0	0.00099734	0	0.00099734	0.003656915	0.010638298	0.039893617	0.086768617	0.142287234	0.167553191	0.138297872	0.164893617	0.072140957	0.069148936	0.026595745	0.02393617	0.025598404	0.010638298	0.011635638	0.002992021	0.00099734	0.000332447	0	0	0	0
0	0.00E+00	0.00E+00	0	0.00E+00	0	0	0	0	0	0	0	0	0	0	0	0	0	0	0	0	0	0	0	0	0	0	0	0	0.00E+00	0.00E+00	0	0
0	0	0	0	0	0	0	0	0	0	0	0	0	0	0	0	0	0	0	0	0	0	0	0	0	0	0	0	0	0	0	0	0
0	0	0	0	0.00E+00	0	0	0	0	0	0	0	0	0	0	0	0	0	0	0	0	0	0	0	0	0	0	0	0	0.00E+00	0.00E+00	0	0
0	0	0	0	0	0	0.00E+00	0.00E+00	0	0	0	0	0	0	0	0	0	0	0	0	0	0	0	0	0	0	0	0	0	0	0	0	0
0	0	0	0	0.00E+00	0	0	0.00E+00	0	0	0	0	0	0	0	0	0	0	0	0	0.00E+00	0	0	0	0	0	0	0	0	0.00E+00	0.00E+00	0	0
0	0	0.00E+00	0	0	0	0	0	0	0	0	0	0	0	0	0	0	0	0	0	0	0	0	0	0	0	0	0	0	0	0	0	0
0	0	0	8.33E-05	8.33E-05	1.67E-04	4.16E-04	0.000333167	0.001415959	0.00149925	0.002748626	0.005080793	0.009745127	0.017158088	0.039896718	0.060886224	0.129601866	0.126436782	0.144844245	1.20E-01	9.53E-02	0.110528069	0.050391471	0.043561553	0.022738631	9.41E-03	0.00541396	1.25E-03	0.000749625	0.000249875	0.00E+00	0	0
0	0	0.000113039	0.000113039	5.65E-05	0.000226078	4.52E-04	1.19E-03	0.002317301	0.002712937	0.005651953	0.010343074	0.012603855	0.024585994	0.048098118	0.09331374	0.140846663	0.157124286	0.144859549	0.117956254	1.02E-01	0.05979766	0.04063754	0.021703499	0.007856214	0.003278133	0.000734754	0.000621715	0.000113039	1.70E-04	5.65E-05	0	0
0	0	0	0	0	0	0	0	0	0	0	0	0	0	0	0	0	0	0	0	0	0	0	0	0	0	0	0	0	0	0	0	0
0	0	0.00E+00	0	7.03E-05	7.03E-05	4.92E-04	0.00021097	0.002320675	0.002180028	0.006680731	0.011673699	0.015963432	0.02721519	0.040998594	0.049015471	0.054992968	0.0697609	0.115541491	0.134247539	0.144514768	0.132278481	0.094585091	0.059563994	0.025668073	0.008509142	0.001969058	4.92E-04	0.000562588	3.52E-04	7.03E-05	0	0
0	0	0.000299607	9.51E-05	9.50E-05	4.77E-05	0.000219222	0.000488013	0.001751803	0.003340861	0.006795007	0.012154159	0.022835176	0.03515208	0.05774983	0.075044576	0.080517562	0.084731473	0.088664859	0.100282203	0.119447192	0.117016448	0.101556411	0.056179085	0.026278904	0.006979465	0.001993287	4.75E-05	7.61E-05	2.86E-05	0.000132805	0	0
0	6.74E-05	0	0	0.00E+00	0.00E+00	6.74E-05	0.000269433	0.001212448	0.002290179	0.00377206	0.006331672	0.010440523	0.019601239	0.038326822	0.059342584	0.08884548	0.107503705	0.116529705	0.12124478	0.10656069	0.098814495	0.086892092	0.071803853	0.041492658	0.014212583	3.30E-03	0.000943015	0.000134716	0	0	0	0
0	0	0	1.53E-04	1.53E-04	7.67E-04	9.97E-04	8.44E-04	0.000843947	0.001227559	0.001150836	0.001381004	0.003068897	0.006291238	0.017722879	0.034601811	0.060150376	0.096363357	0.131272058	0.140171858	0.134647844	0.114776738	0.099508977	0.08408777	0.045342949	0.017799601	0.00506368	9.97E-04	0.000383612	1.53E-04	7.67E-05	0	0.00E+00
0	0	0.00E+00	0	0.00E+00	0	0	0.000447495	0.001050364	0.001899219	0.004762992	0.007220785	0.013886281	0.018090715	0.027902273	0.032297987	0.055156869	0.078369036	0.123472559	0.137680186	0.143856154	0.122877964	0.101889669	0.065350891	0.039761347	0.01785279	5.39E-03	7.86E-04	0	0	0	0	0
0	0	0	0	3.78E-05	0.00E+00	0.00034566	0.00068862	0.002041555	0.005849217	0.013340319	0.022286973	0.030833959	0.045030326	0.05897825	0.063326006	0.072248357	0.084141224	0.088921054	0.086693167	0.103779037	0.104978045	0.095834256	0.062559073	0.038011806	0.014366497	4.28E-03	0.000799339	0.000307854	0.000105318	0.000108019	0.000110719	0
0	0	0	0	0	0	6.74E-05	0.000337086	0.000539338	0.001483179	0.006000135	0.015303715	0.03033776	0.0602036	0.102069709	0.114339648	0.120811704	0.100316861	0.10328322	0.089664936	0.078608508	0.061821614	0.054540551	0.035259219	0.016989146	0.006202387	0.001415762	0.000337086	0.00E+00	6.74E-05	0	0	0
0	0	0	0	0	0	0	0.000394173	0.00160868	0.004563481	0.011250101	0.019407124	0.032798523	0.058402798	0.120998062	0.161989926	0.190362744	0.143415131	0.10190481	0.073973312	0.047058902	0.0195484	0.008034073	0.002670583	0.00140393	7.13044E-05	7.13044E-05	7.26372E-05	0	0	0	0	0
0	0	0	7.32708E-05	0.000219812	0.000293083	0.001099062	0.002564478	0.003516999	0.006081477	0.007693435	0.010111372	0.015899766	0.024032825	0.041324736	0.060082063	0.084334701	0.12771102	0.150718054	0.146248535	0.120164127	0.088877491	0.053634232	0.030920281	0.016559203	0.006008206	0.000952521	0.000512896	0.000146542	0.000146542	7.32708E-05	0	0
0	0	0	0	0	0	0	0	0	0	0	0	0	0	0	0	0	0	0	0	0	0	0	0	0	0	0	0 	0 	0 	0 	0 	0 
# Madurez Sexual																																
0.000020399	0.000044454	0.000096874	0.00021109	0.00045992	0.0010018	0.0021805	0.0047398	0.010272	0.022118	0.046976	0.097001	0.18969	0.33783	0.52648	0.70786	0.84077	0.92005	0.96165	0.98203	0.99167	0.99616	0.99824	0.99919	0.99963	0.99983	0.99992	0.99996	0.99998	0.99999	1	1	1
# Pesos_m																																
0.509520746	0.664122801	0.846706207	1.059484404	1.304655437	1.584403196	1.900898478	2.256299904	2.652754725	3.092399521	3.577360836	4.109755732	4.691692293	5.325270078	6.012580536	6.755707374	7.556726909	8.417708375	9.340714218	10.32780036	11.38101647	12.50240613	13.69400715	14.95785168	16.29596644	17.71037289	19.20308739	20.77612138	22.43148149	24.17116968	25.99718344	27.9115158	29.91615555
# Pesos_h																																
0.418344912	0.557469788	0.725278856	0.924673906	1.158593226	1.430009298	1.741926789	2.09738079	2.499435242	2.95118154	3.455737268	4.016245065	4.635871583	5.317806541	6.065261855	6.881470838	7.769687462	8.733185664	9.775258716	10.89921862	12.10839558	13.40613741	14.79580914	16.28079248	17.86448542	19.55030179	21.34167091	23.24203721	25.25485984	27.38361238	29.63178253	32.00287178	34.5003951


# CONTROLES DEL MODELO CAMARON SUR

# Coeficiente de variacin de los desvios Rt, No y prop_machos en el Reclutamiento
#_________________________________________________________________________________
#  cv_Rt     cv_No     cv_Rm
   0.6        0.6      0.2

#  dt desove   dt CPUE	 dt_crucero	
   0.67         0.5        0.5

# PARAMETROS DE CRECIMIENTO Y MORTALIDAD NATURAL Y CV (prior)
#_________________________________________________________________________________

#Loo,   k,        Lt(a=1)    cv(edad)     M
40.7    0.19       12.3      0.1         0.36    #machos
48.3    0.17       11.2      0.1         0.36    #hembras 
0.1     0.1        0.1       0.1         0.1     #cv prior si son estimados


# Stepness h
1


# q_crucero y cv
1.0   0.1

#1.0   0.05

# Selectividad flota (valores de partida)
# proxy A50 (tallas), s1 y s2  machos
23    3    100

# proxy A50 (tallas), s1 y s2  hembras
23     3    100


# Penalizador modelo logistico/domo (ej. 0.1= domo, 100=logistico)
#0.50
100

# Nmero de bloques de selectividad flota (logistica) y aos de inicio
#3
#1978 1993 2001
1
1945

#2
#1978 1993 


# Nmero de bloques de selectividad crucero (logistica) y aos de inicio
1
1945 

# Nmero de bloques de capturabilidad CPUE y aos de inicio
#3
#1978 2008 2011
#1
#1978
1
1945

# Nmero de bloques de capturabilidad crucero y aos de inicio
2
1945 2004


#_________________________________________________________________
# FASES DE ESTIMACION 

# Fase de estimacion de capturabilidad flota & crucero
5 4
# Fase estimacin de la selectividad flota & crucero (nota: si la selec. crucero no se estima, se asume = 1)
6  
# Fase de estimacion de Lo & cv & M
-4  4 -4
# Fase de estimacion mortalidad por pesca
3 
# Fase de estimacion dev_Rt y dev_No (dev_No<0 equilibrio)
2  2
# Fase de estimacion proporcion de machos en el Reclutamiento (pRm)
-6
# Fase de estimacion Fpbr (se sugiere sea la ultima)
7


# CTP
#____________________________________________________
#numero de PBRs a calcular
2
#0%    45%     (tasas de BDPR) 
1    0.45   	#0.50

# Aos a simular en el futuro
10

# Opcin para simular o estimar (0=simula, 1=estima)
#____________________________________________________
1
# rmed
1
