# Number of parameters = 198  Objective function value = 4319.38  Maximum gradient component = 0.000230843
# log_L50m:
 3.16357
# log_sigma1m:
 0.549307
# log_sigma2m:
 3.90812
# log_L50h:
 3.24356
# log_sigma1h:
 0.756831
# log_sigma2h:
 3.90869
# log_Ro:
6.43904866099
# log_pRm:
-0.693140000000
# dev_log_Ro:
 -0.311353714259 -0.391501894558 -0.485749003667 -0.657244502558 -0.517219412116 0.593665332578 0.737763202354 0.358098730361 0.0366970679393 -0.166192569791 -0.466492860220 -0.687609477905 -0.792986015268 -0.844017475440 -0.795703020728 -0.707999703247 -0.779561095974 -0.881961089316 -0.513819347957 -0.208890564674 -0.257224511770 0.0986652735579 0.00110475578732 0.0292975741559 -0.261277875819 0.0501442693464 0.656597774612 0.402107805909 0.827100283895 0.834933409880 0.789256744954 0.836087134326 0.895492008926 0.820538405046 0.751138467265 0.930349353301 0.423042506926 0.168931997744 0.221905512656 0.340219978395 0.311376217070 0.189087811391 -0.153535477613 0.154822488995 -0.0557246191723 -0.210437902577 0.0423250324420 -0.254009149409 -0.0204799201773 -0.0415302632577 -0.520948977936 -0.142991346638 0.0482599416657 -0.327484921169 -0.0638813509847 -0.0155906984622 -0.0155903188146
# dev_log_Nom:
 -0.116288685676 -0.0860015229983 -0.0630862298772 -0.0458123832590 -0.0326581449841 -0.0498658383007
# dev_log_Noh:
 -0.141865868303 -0.107313722975 -0.0798768715238 -0.0590237158192 -0.0426115400186 -0.0642437518696
# log_Fm:
 -4.53625114109 -3.52416854793 -3.59461561268 -2.72177513879 -2.56682539689 -2.38472991496 -2.32565493835 -2.19619994080 -1.97170796444 -1.96833679661 -3.83731517081 -5.64547165020 -16.5528067271 -16.4948312208 -4.54048880609 -4.56584263928 -3.43525281500 -3.05252635822 -4.75735146381 -3.48730211357 -15.7264287322 -4.79317058284 -1.83163312800 -1.41579779146 -1.40338982788 -1.61295394872 -1.14063117497 -0.971183434748 -0.744253203131 -0.842644084618 -0.731601037117 -0.618721242952 -0.710808846259 -0.854942766530 -0.840558173395 -0.996474406548 -0.760369311658 -1.07348804699 -0.719235344876 -0.754730091982 -1.05299402560 -1.07408210269 -1.46037430495 -1.38797452065 -1.86122963053 -1.97861933502 -1.98649491061 -1.94212504688 -1.81968945160 -1.78248617119 -1.86895064164 -1.90877826548 -2.05676158921 -2.32853399647 -2.40623284967 -2.29616945966 -2.54730880535
# log_Fh:
 -4.24330123595 -3.23159879675 -3.29947946915 -2.42872418455 -2.26766150669 -2.07767422224 -2.01169449064 -1.85241971106 -1.54579067415 -1.57695336739 -3.51101163943 -5.35751699366 -16.2826186908 -16.2389177285 -4.29090119425 -4.31564578406 -3.17975092422 -2.78419330679 -4.47963799198 -3.21316321502 -15.4548259742 -4.50488127557 -1.52312539306 -1.07371185678 -0.999178129187 -1.21402187967 -0.723969149503 -0.522061828570 -0.204042600248 -0.292880564504 -0.263431847157 -0.200000004192 -0.276158145500 -0.200000002016 -0.292480170231 -0.296650492956 -0.200000004772 -0.658656961714 -0.202324353721 -0.464511541658 -0.297103523210 -0.326829116564 -0.798256451967 -0.976094296439 -1.39494321212 -1.52552940506 -1.60411218422 -1.38889310005 -1.24223505443 -1.52051721624 -1.44177278616 -1.60458221437 -1.65055623685 -1.93732157667 -1.81041313360 -1.86862627178 -1.82652437870
# log_qflo:
 -10.3884793258
# log_qcru:
 0.570998840269
# log_Lom:
2.50959926238
# log_cv_edadm:
-2.64253025368
# log_Loh:
2.41591377830
# log_cv_edadh:
-2.63798207556
# log_Mh:
-1.02165124753
# log_Mm:
-1.02165124753
# log_Fref:
 -0.726945034964 -1.11610102259 -1.29966313879 -1.40868241136
