# Number of parameters = 253  Objective function value = 6136.49  Maximum gradient component = 0.00910693
# log_L50m:
 3.24577
# log_sigma1m:
 0.762516
# log_sigma2m:
 4.60493
# log_L50h:
 3.41443
# log_sigma1h:
 1.26027
# log_sigma2h:
 4.60514
# log_Ro:
7.04924804582
# log_pRm:
-0.693140000000
# dev_log_Ro:
 0.00169135635725 0.00240078797254 0.00341835343213 0.00489631824418 0.00700908576992 0.0100208964145 0.0143894869035 0.0206889278850 0.0297226769757 0.0425875707421 0.0594711379686 0.0828319182251 0.114507135038 0.159167121776 0.220301924004 0.305307476364 0.397445783957 0.481120779952 0.531409406898 0.742699493441 0.774946996957 0.123283977044 0.852434572842 0.487308135414 0.946129694004 0.264736455981 0.0310447570232 0.736809560361 0.600343712779 0.452960737647 -0.807761216913 -0.870081448858 -0.501774490735 0.467016843872 -0.0371015110854 -0.558547406479 -1.17561231250 -0.840513809360 -0.593046707275 -0.509162083306 -0.441153135162 0.00237020294353 0.0813000219706 -0.110220533045 -0.0483455881150 0.0307342307359 0.346456566196 0.449517557549 0.0767791285276 -0.222788799177 -1.08462329795 -1.26321740514 -0.301704039224 0.0613754763481 -0.548638217443 -0.621422278363 0.0431826285792 0.155110756528 -0.0568347554229 0.255077123065 0.222755937221 0.0634187616312 -0.138728539727 0.121402753912 0.330832539676 -0.260943144286 -0.521347265848 -0.281408029246 0.175516137291 -0.226608236436 0.197363920018 0.227048036772 0.210424978435 0.00276618729543 4.82241500347e-005
# dev_log_Nom:
 -8.54419618950e-005 -5.99300655661e-005 -4.16598819193e-005 -2.94642762828e-005 -1.91262046467e-005 -3.44066112579e-005
# dev_log_Noh:
 0.00123669039013 0.000859336836264 0.000594343847071 0.000415857471914 0.000291361910874 0.000480218741890
# log_Fm:
 -6.05148202967 -6.15577617972 -5.71160820440 -6.63323055550 -6.71493171419 -7.01759925501 -7.43399903608 -7.12358607092 -6.96254082866 -5.60923465572 -5.99321447845 -5.48590480349 -5.37500263744 -4.29128551610 -3.65214862745 -2.32183340872 -2.43794859753 -1.80191309559 -1.95101267333 -1.46430620426 -1.46013141728 -0.575684157659 -0.508975102612 -0.341307412165 -0.472648191568 -0.328508592362 -0.213409317338 -0.344913657276 -0.300962917097 -0.185443561542 0.145184424768 -0.109412317548 -0.0778556775000 0.504801638407 0.365286120452 0.311232801116 -0.0667851750187 -0.514176264670 0.0890634209708 -0.780855991362 -1.44113066435 -1.07486099992 -0.777855488727 -0.615559058698 -0.507046500852 -0.288113583149 -0.249775832766 -0.137654383560 -0.176159408541 0.152120542295 0.165743853948 0.214874113491 -0.0666016733233 0.301012568590 0.485058992845 -0.632355885421 -1.20603647791 -1.86243323085 -1.82047978543 -1.94240918383 -1.68918890925 -1.46309604311 -1.52799067363 -1.69103332889 -1.79600381195 -1.57891720302 -1.54989063080 -1.84532546315 -1.81348251343 -1.77369127694 -1.59055420474 -1.49787955173 -1.58156439084 -1.25391117450 -1.00696010175
# log_Fh:
 -5.53986569803 -5.65507441345 -5.21766844672 -6.14382531334 -6.22876379560 -6.53364702723 -6.95164868578 -6.64229482983 -6.48181270186 -5.12812867648 -5.51128470868 -5.00298780852 -4.89053970678 -3.80317944112 -3.15615229451 -1.80073500082 -1.88166384401 -1.20381711337 -1.30674312165 -0.777864152788 -0.727177618961 0.231208795124 0.434171555835 0.602922514343 0.436297531507 0.697335177898 0.774364848429 0.562956974406 0.369796671910 0.367146639622 0.720460519539 0.383358291106 0.353687144794 0.782848895174 0.690054685367 0.926093288045 0.878082493169 0.211851576151 0.599017078600 0.232573711083 0.0155991810740 0.0641832954135 0.356153343079 0.446920055705 0.564052098929 0.699180140074 0.662140060903 0.729149893109 0.691006341590 0.888040823534 0.973968634425 0.810311157899 0.999999120401 0.736921286338 0.999999990442 0.502348598581 -0.280754254139 -1.05757136613 -0.963173798280 -1.02865241685 -0.748795732927 -0.698985127015 -0.746799741897 -0.874762589125 -0.987005716616 -0.935710417391 -1.03637039610 -1.20552575575 -1.16689910099 -1.08543911409 -0.756736145776 -0.703820907325 -0.450207257225 -0.211137235096 -0.333736406688
# log_qflo:
 -3.24498092101
# log_qcru:
 0.0720794924163 0.580346862013
# log_Lom:
2.50959926238
# log_cv_edadm:
-2.64462574274
# log_Loh:
2.41591377830
# log_cv_edadh:
-2.61939238902
# log_Mh:
-1.02165124753
# log_Mm:
-1.02165124753
# log_Fref:
 -0.279331912924 -0.752139711483 -0.966004127274 -1.09045034826
