# Number of parameters = 202  Objective function value = 4519.03  Maximum gradient component = 5.63392e-005
# log_L50m:
 3.12614
# log_sigma1m:
 0.549306
# log_sigma2m:
 3.90522
# log_L50h:
 3.24115
# log_sigma1h:
 0.831132
# log_sigma2h:
 3.90702
# log_Ro:
6.61662708809
# log_pRm:
-0.693140000000
# dev_log_Ro:
 -0.357691089928 -0.447272865574 -0.551705396044 -0.726796095300 -0.643628834139 0.452822880224 0.655810683622 0.322769919561 -0.182396627406 -0.113319068404 -0.342077482613 -0.645786465423 -0.773541280175 -0.829525664738 -0.804179594836 -0.723024612494 -0.818390833742 -0.992728425791 -0.754512661365 -0.104283578048 -0.351866805942 -0.000139322853510 -0.0353013837232 -0.190227031862 -0.349315663284 -0.118705402019 0.457749781994 0.137554298551 0.631391454898 0.695188290835 0.663954510531 0.683203873143 0.668294177412 0.660542916608 0.563521979944 0.640125121854 0.328452111077 -0.0564774901835 -0.0164980813620 0.120887326373 0.148108685445 0.202401333415 0.188868895411 0.544632259475 0.190914573691 -0.0723547338320 0.257858053141 -0.00703639296678 0.156035548768 0.194058231386 -0.0779417399535 0.139235181206 0.383260771665 0.892367093537 0.216037642828 -0.0736906291027 -0.0178174601377 -0.0178148833552
# dev_log_Nom:
 -0.0971924635800 -0.0720238918028 -0.0528812359758 -0.0383168572376 -0.0273634141229 -0.0423668415561
# dev_log_Noh:
 -0.201037757571 -0.152300474641 -0.113768628785 -0.0840888858095 -0.0607419394548 -0.0911808454743
# log_Fm:
 -4.79663965307 -3.78464043917 -3.85691928346 -2.97330064957 -2.81133937259 -2.62381296125 -2.55974048651 -2.44108403382 -2.24524801006 -2.20604683286 -4.02924871329 -5.79779372285 -16.7029561638 -16.6569086084 -4.71627106330 -4.76336159495 -3.65125369676 -3.28426552899 -4.99753043589 -3.72244776356 -15.9460338831 -4.99590164290 -2.07532890619 -1.68107071615 -1.69276837972 -1.89535692567 -1.39818131668 -1.22583272331 -1.03692944798 -1.12781798189 -0.934349253637 -0.825400293851 -0.888937245521 -1.04558732284 -1.01024007400 -1.13391633201 -0.879927826089 -1.16203334420 -0.743607915382 -0.757065866037 -1.03046639062 -1.04367288616 -1.43559356342 -1.37530232625 -1.90320191481 -2.13573125460 -2.32020861154 -2.38568262250 -2.33138776795 -2.35249315672 -2.45610904111 -2.49620983382 -2.66365558834 -2.93557223921 -2.93662180549 -3.04430885543 -2.87232443515 -3.01128309282
# log_Fh:
 -4.40437443535 -3.38990881045 -3.45449020022 -2.58495484784 -2.42977912252 -2.24487832506 -2.18179776088 -2.01877024433 -1.70082911786 -1.70581139583 -3.62955125634 -5.46616310169 -16.3768358778 -16.3504525659 -4.42735556042 -4.47584185444 -3.35610144759 -2.97203711479 -4.67122667381 -3.40176312728 -15.6324990831 -4.65193994615 -1.65708197355 -1.25951640347 -1.20500148328 -1.42185760962 -0.930960307827 -0.717180710030 -0.421828966257 -0.467645593634 -0.337028289326 -0.200000006674 -0.266993850808 -0.200000002369 -0.326808856831 -0.328313861643 -0.200000010029 -0.663146404291 -0.200000007544 -0.396710592623 -0.226370801817 -0.215033917512 -0.666856413613 -0.857953822003 -1.33407978767 -1.58697141213 -1.85971998815 -1.81433415351 -1.76818110637 -2.08713559943 -2.02890422219 -2.21803367615 -2.24784860951 -2.54495204467 -2.50955591880 -2.48103937739 -2.38577381341 -2.56392803930
# log_qflo:
 -3.73900797560
# log_qcru:
 0.704153388725 -0.132382495998
# log_Lom:
2.50959926238
# log_cv_edadm:
-2.60947868802
# log_Loh:
2.41591377830
# log_cv_edadh:
-2.62377965947
# log_Mh:
-1.02165124753
# log_Mm:
-1.02165124753
# log_Fref:
 -0.758889824279 -1.14264623574 -1.32423456793 -1.43223501620
