# Number of parameters = 205  Objective function value = 4764.94  Maximum gradient component = 0.000266994
# log_L50m:
 3.12410
# log_sigma1m:
 0.549306
# log_sigma2m:
 3.90477
# log_L50h:
 3.24081
# log_sigma1h:
 0.844495
# log_sigma2h:
 3.90630
# log_Ro:
6.60196318566
# log_pRm:
-0.693140000000
# dev_log_Ro:
 -0.326706176079 -0.410781569706 -0.509661388406 -0.680774586403 -0.589466744126 0.548846052020 0.772944365271 0.514112178747 0.0148284877585 -0.144531560475 -0.422242879050 -0.655126184584 -0.766261636672 -0.822419739463 -0.798857459150 -0.720158473366 -0.815514754140 -0.983230572758 -0.741025788709 -0.0821900539156 -0.339415852354 0.0123300888157 -0.0236819572558 -0.159958344731 -0.323476243314 -0.101258350759 0.471739633444 0.125594486594 0.660654223683 0.704108819936 0.687723384894 0.701709087814 0.683297338488 0.686767609294 0.586635894820 0.699926680968 0.370020981045 -0.00594972840165 0.0770903882971 0.488393940198 0.541573341440 0.229842271067 -0.0622165100577 0.225228652759 -0.00225000481705 -0.207238817070 0.114369391847 -0.165488073958 -0.00477228844439 0.0161671016345 -0.270967312513 -0.121820795976 0.0968000915343 0.675388080072 0.485018416583 -0.0306069956075 0.128181232971 -0.0155249035380 -0.0157164761934
# dev_log_Nom:
 -0.0857357391618 -0.0634108844097 -0.0464929939421 -0.0336495618049 -0.0240094161737 -0.0372404769510
# dev_log_Noh:
 -0.183019049053 -0.138116420543 -0.102866206727 -0.0758268616172 -0.0546520219795 -0.0822531467272
# log_Fm:
 -4.78894134556 -3.77723632947 -3.85042761469 -2.96978012284 -2.81253342569 -2.63068562580 -2.57290844600 -2.46395263032 -2.29285080011 -2.28272101747 -4.13450303718 -5.91933677645 -16.8147705695 -16.7478938254 -4.78458216393 -4.80969114361 -3.68334970231 -3.30820971259 -5.01424940705 -3.73265574902 -15.9517798371 -4.99969145882 -2.08023759699 -1.68599824993 -1.69734189256 -1.89870849561 -1.40325698292 -1.23414645685 -1.04878583368 -1.14016882691 -0.939233299382 -0.834544463373 -0.897122238627 -1.05908994773 -1.02340319384 -1.14994173460 -0.903052114894 -1.18648332679 -0.803540709018 -0.813326255657 -1.10158590037 -1.14303697537 -1.63258796551 -1.68697527858 -2.22008309651 -2.35854310518 -2.39410967606 -2.34031805985 -2.21434134032 -2.19443367795 -2.27710277454 -2.30301468144 -2.45718120404 -2.71701228797 -2.69871334328 -2.78215665612 -2.60566903625 -2.81025003135 -2.68479233052
# log_Fh:
 -4.39985564961 -3.38590634916 -3.45174549702 -2.58420831326 -2.43297994962 -2.25337423819 -2.19644025249 -2.04032137580 -1.74488669854 -1.78141887531 -3.72991721616 -5.58802043154 -16.5049348581 -16.4560968297 -4.50204631739 -4.52570687334 -3.39112969172 -2.99882123457 -4.69054140023 -3.41369019891 -15.6387142060 -4.65526582449 -1.66176659022 -1.26512296096 -1.21088174050 -1.42564122041 -0.934438292859 -0.725499397918 -0.436075190663 -0.483806914375 -0.340617119925 -0.200000007322 -0.270829757604 -0.200000002452 -0.331139990881 -0.330848004691 -0.200000011212 -0.667630224714 -0.200000220613 -0.433062991642 -0.284034671471 -0.312345466090 -0.876078169762 -1.22071794124 -1.73930814921 -1.89266396531 -1.98795833342 -1.77575855407 -1.64064708140 -1.91652583426 -1.83680979063 -2.01056682510 -2.02834563609 -2.31409055106 -2.26409442916 -2.20740886576 -2.09040196765 -2.30329998337 -2.39641855898
# log_qflo:
 -3.71191057954
# log_qcru:
 0.616064319184 0.130357251230
# log_Lom:
2.50959926238
# log_cv_edadm:
-2.61187831840
# log_Loh:
2.41591377830
# log_cv_edadh:
-2.61865658088
# log_Mh:
-1.02165124753
# log_Mm:
-1.02165124753
# log_Fref:
 -0.764087785487 -1.14698344987 -1.32825596485 -1.43609306889
