Bcru CTP1 CTP2 CTP3 CTP4 CTP5 BDp1_fin BDp2_fin BDp3_fin BDp4_fin BDp5_fin
25192.5 0.000977948 15.0439 50.9259 35.9962 30.3821 1005.3 768.917 516.034 593.286 630.376
25192.5 0.000977948 15.0439 50.9259 35.9962 30.3821 1005.3 768.917 516.034 593.286 630.376
25192.5 0.000977948 15.0439 50.9259 35.9962 30.3821 1005.3 768.917 516.034 593.286 630.376
25192.5 0.000977948 15.0439 50.9259 35.9962 30.3821 1005.3 768.917 516.034 593.286 630.376
25192.5 0.000977948 15.0439 50.9259 35.9962 30.3821 1005.3 768.917 516.034 593.286 630.376
25192.5 0.000977948 15.0439 50.9259 35.9962 30.3821 1005.3 768.917 516.034 593.286 630.376
25192.5 0.000977948 15.0439 50.9259 35.9962 30.3821 1005.3 768.917 516.034 593.286 630.376
25192.5 0.000977949 15.0439 50.9259 35.9962 30.3821 1005.3 768.917 516.034 593.286 630.376
103085 0.00391001 59.9798 201.607 142.935 120.776 1475.01 1133.62 767.894 879.778 933.435
193051 0.00294113 44.4277 143.948 103.622 88.0629 2071.04 1298.45 580.115 782.467 885.773
143950 0.00691226 104.605 339.396 244.32 207.587 1573.31 1159.53 731.431 860.297 922.835
387138 0.0213496 322.498 1041.19 751.147 638.709 1599.68 1172.37 734.047 865.776 929.77
238690 0.0123646 186.922 604.76 435.89 370.519 1586.35 1166.03 732.742 863.067 926.346
377809 0.0244269 367.189 1171.03 849.231 723.497 1607.3 1155.86 698.264 834.915 901.618
275876 0.0160364 241.912 778.406 562.361 478.433 1593.73 1162.41 720.482 853.057 917.554
209224 0.0142361 215.409 698.516 502.979 427.394 1650.03 1216.33 768.781 903.522 968.896
241316 0.0152031 229.67 741.703 535.015 454.909 1620.61 1188.12 743.488 877.103 942.021
176474 0.0123835 187.006 603.43 435.417 370.271 1654.79 1211.95 756.569 893.351 959.833
136097 0.0116178 175.416 565.86 408.352 347.272 1695.21 1240.7 773.475 913.773 981.98
102025 0.0128586 193.843 622.882 450.234 383.122 1739.64 1264.3 777.999 923.681 994.629
68770.4 0.0133644 201.527 648.14 468.304 398.444 1758.23 1277.55 786.051 933.278 1004.98
57635.1 0.0132672 200.09 643.806 465.077 395.671 1762.09 1279.85 786.907 934.548 1006.46
56852.9 0.0187981 283.994 917.547 661.693 562.581 1754.02 1283.68 801.665 946.416 1016.77
55566.4 0.0278073 421.605 1374.26 987.357 838.304 1701.3 1256.63 799.763 937.47 1004.21
49540.4 0.0313275 477.015 1571.89 1124.11 952.787 1625.09 1210.43 782.598 912.035 974.588
48434.3 0.0331627 506.929 1687.35 1201.47 1016.76 1595.65 1198.48 786.688 911.728 971.989
52564.7 0.0392064 600.346 2007.17 1426.48 1206.34 1588.35 1195.84 789.402 912.977 972.469
50557 0.0362453 554.549 1850.14 1316.08 1113.34 1591.23 1196.68 787.834 912.064 971.9
50926.3 0.0377641 578.281 1933.62 1374.14 1162.05 1593.03 1200.32 793.127 916.959 976.565
46680.2 0.0357615 547.636 1831.34 1301.39 1100.52 1600.97 1207.18 798.199 922.599 982.473
41097.9 0.0317592 486.367 1626.69 1155.88 977.444 1612.29 1217.52 806.175 931.343 991.574
43827.6 0.0337257 516.472 1727.26 1227.39 1037.92 1606.45 1212.22 802.084 926.858 986.906
43797.3 0.0340686 521.668 1744.13 1239.53 1048.24 1614.29 1217.95 805.679 931.093 991.452
44070.1 0.0342683 524.746 1754.6 1246.92 1054.47 1620.05 1222.51 808.922 934.744 995.297
43969.5 0.033922 519.482 1737.34 1234.55 1043.98 1627.28 1228.39 813.173 939.508 1000.3
44285.8 0.0338417 518.261 1733.32 1231.67 1041.54 1639.48 1237.83 819.581 946.846 1008.09
44253.8 0.0332283 508.912 1702.45 1209.61 1022.85 1654.34 1249.74 828.031 956.37 1018.12
44798.2 0.0329113 504.005 1685.58 1197.77 1012.87 1678.65 1268.2 840.168 970.429 1033.11
46017.5 0.032682 500.418 1672.91 1188.97 1005.5 1717.68 1297.72 859.508 992.86 1057.03
46232.2 0.0314622 481.613 1608.91 1143.84 967.435 1769.9 1336.74 884.388 1022.02 1088.26
46932.6 0.0310954 475.956 1589.65 1130.25 955.981 1796.47 1356.81 897.486 1037.23 1104.49
48356.4 0.0306188 468.643 1565.09 1112.83 941.258 1840.05 1390 919.484 1062.64 1131.54
50860.3 0.0303218 464.15 1550.55 1102.35 932.349 1910.62 1443.81 955.338 1103.97 1175.51
54363 0.0307597 470.857 1572.97 1118.29 945.826 1985.1 1499.9 992.064 1146.58 1220.95
59202.5 0.0310191 474.861 1586.68 1127.93 953.946 2090.95 1580.54 1045.85 1208.57 1286.87
61379.3 0.0314798 481.96 1610.8 1144.95 968.307 2143.49 1620.28 1072.15 1238.96 1319.24
63957.5 0.0319802 489.637 1636.59 1163.24 983.763 2219.03 1677.2 1109.52 1282.27 1365.41
67530.1 0.0328765 503.547 1684.73 1196.95 1012.12 2315.21 1751.21 1159.95 1339.93 1426.53
72261.6 0.0345032 528.654 1770.43 1257.31 1063 2411.76 1825.21 1210.2 1397.46 1487.54
78884.5 0.0367576 563.385 1888.41 1340.59 1133.25 2579.08 1952.23 1294.98 1495.12 1591.4
83564.3 0.0373173 572.172 1919.76 1362.25 1151.38 2834.25 2146.23 1424.23 1644.14 1749.9
94909.4 0.0391946 601.296 2020.67 1432.85 1210.75 3356.11 2541.36 1686.14 1946.64 2071.92
4.41834e+006 0.348143 5513.41 20174.1 13783.1 11492.8 20154.8 14518.2 9608.52 11085.6 11797.3
95538.2 0.0392926 602.819 2025.97 1436.55 1213.86 3383.25 2561.9 1699.76 1962.36 2088.65
141586 0.0460497 708.219 2396.45 1694.12 1429.99 4885.11 3697.62 2454.48 2833.15 3015.24
105837 0.0410055 629.449 2118.74 1501.3 1268.27 3780.19 2862.47 1899.43 2192.78 2333.85
117559 0.0443206 680.056 2286.84 1621.07 1369.66 4378.71 3305.67 2182.6 2524.28 2688.74
109505 0.0420752 645.768 2172.83 1539.88 1300.94 3971.8 3004.53 1990.35 2299.15 2447.7
111988 0.0424876 652.115 2194.42 1555.1 1313.78 4178.54 3159.7 2091.62 2416.78 2573.22
151549 0.0483226 742.803 2511.09 1775.78 1499.14 6950.55 5232.98 3438.88 3984.13 4246.79
124028 0.0443748 681.283 2294.78 1625.48 1373.03 5119.32 3864.75 2550.9 2950.62 3143.02
159404 0.0544179 835.033 2810.02 1991.09 1682.11 7485.98 5608.66 3654.5 4247.22 4533.17
129009 0.045875 704.206 2371.15 1679.82 1419.01 5460.31 4116.91 2711.43 3138.81 3344.6
128622 0.0444147 681.93 2297.65 1627.25 1374.47 5891.17 4440.66 2922.59 3384.14 3606.42
130962 0.0445847 684.742 2309.03 1634.71 1380.59 6202.04 4675.15 3076.95 3562.86 3796.87
139609 0.0467276 717.889 2423.05 1714.72 1447.95 6752.95 5089.43 3348.72 3877.92 4132.79
152961 0.0492739 757.545 2562.06 1811.46 1529.16 7856.73 5918.94 3892.01 4508.12 4804.88
172772 0.050418 776.758 2642.48 1863.46 1571.61 10425.2 7853.53 5162.76 5980.6 6374.56
192337 0.0513353 792.353 2709.83 1906.43 1606.53 17357.5 13067.6 8568.39 9935.34 10594.1
162374 0.0533994 820.643 2772.72 1961.22 1655.84 33499 25251.8 16548.2 19193.2 20467.8
147640 0.0532914 817.72 2750.57 1949.45 1647.04 43031.2 32478 21316.3 24709.8 26344.7
99238.6 0.0356276 545.964 1830.18 1299.06 1098.13 53226.9 40175.3 26357.2 30558.2 32582.3
130879 0.047398 727.003 2442.87 1732.16 1463.7 45724.1 34511.9 22648.6 26255.4 27993.1
116167 0.0429932 658.859 2208.78 1567.74 1325.24 47619.3 35879.3 23473 27242.2 29059.1
113778 0.0425774 652.411 2186.39 1552.1 1312.09 48114.2 36262.1 23733.2 27540 29375
111932 0.042193 646.444 2165.62 1537.61 1299.91 48722.4 36737.5 24061.7 27913.9 29770.5
112246 0.0422578 647.409 2168.61 1539.81 1301.79 49378.3 37230.9 24382.2 28286.9 30168.8
112246 0.0417481 639.819 2145.21 1522.56 1287.02 50418.6 38027.3 24915.3 28900.5 30821
114337 0.0413862 634.626 2131.19 1511.53 1277.38 52135.9 39335.7 25784.9 29904.1 31889
131287 0.051898 795.62 2670.01 1894.25 1600.99 54311.2 40882.7 26694.2 31003.3 33081.1
117380 0.0514032 787.766 2641.9 1874.76 1584.68 56695.5 42566.8 27667.7 32187.9 34369.2
79665.2 0.0415804 637.67 2142.72 1519.21 1283.75 58079.9 43632 28382.5 33010.1 35242.9
77911.9 0.0435997 668.484 2244.73 1592.03 1345.43 58117.4 43658.1 28396.6 33027.7 35262.2
73016.4 0.0440608 675.276 2265.18 1607.24 1358.5 57950.4 43489.6 28238.2 32864.5 35097.3
58440.8 0.0387826 594.814 1999.44 1417.36 1197.62 57146 42869.7 27815.6 32381.4 34585.3
68460.5 0.052548 805.137 2698.61 1915.49 1619.25 55427.4 41597.3 27009.5 31434.7 33570.4
86748.9 0.0806332 1234.09 4123.4 2930.9 2478.84 52742.2 39541.1 25632.2 29850.3 31886.4
34176.5 0.0327814 507.838 1755.26 1229.01 1033.97 49230.2 36621.2 23415.1 27408.5 29340.3
34395.7 0.0281617 436.601 1512.35 1057.89 889.698 48048.6 35684.3 22747.3 26657 28549.2
44999.2 0.0300449 464.753 1599.91 1122.21 944.707 47048.9 35099.9 22553.1 26351.8 28187.7
83429 0.0478736 741.953 2566.7 1796.56 1511.24 46080.5 34392.9 22134.8 25847.2 27640.9
130968 0.0574296 894.873 3140.4 2184.46 1833.42 44621.8 33321.2 21491.7 25075.4 26806.3
60789.9 0.02545 395.865 1383.15 963.902 809.558 41629.6 30882.1 19678 23063 24701.4
46967.9 0.0195118 300.307 1020.3 719.741 607.144 39749.1 29591.9 19008.8 22210.4 23758.3
37921.3 0.0220747 339.514 1151 812.752 685.838 37920.3 28178.3 18126.6 21165.9 22635.3
6823.25 0.00471526 71.6887 235.898 168.721 143.04 37489.5 27407.6 16986.2 20115.4 21637.2
34618.9 0.0206515 317.421 1074.31 759.142 640.767 37883 28138.7 18073.6 21116.2 22587.5
29860.3 0.0171851 263.856 890.523 630.031 532.021 37752.3 28030.5 17955.5 20999.9 22472.8
28976 0.0179886 275.301 920.705 654.045 553.087 37696.2 28019.6 17952.2 20995 22467.1
26391.5 0.0173505 265.209 883.902 628.863 532.079 37382.4 27793.5 17792 20814.8 22277.4
27054.8 0.019159 292.772 974.8 693.867 587.168 37035 27586 17702.5 20692 22137.7
27835.6 0.0193498 295.987 988.263 702.579 594.281 36565.3 27232.6 17464.8 20421.1 21850.1
29296.7 0.0198286 304.379 1026.16 726.413 613.514 35685.5 26567 16983.9 19891.9 21294.8
25125.5 0.0178537 273.669 918.66 651.592 550.691 33697.5 25131.6 16036.2 18802.6 20135.4
23975.4 0.0170637 261.645 878.935 623.236 526.666 30696 22910.8 14599.3 17132 18350.6
24501.4 0.0174528 267.543 898.19 637.054 538.395 32250.5 24062.1 15344.7 17998.5 19276.2
23749.3 0.0169744 260.103 872.177 618.936 523.18 30415.1 22703 14481.6 16985.1 18190.2
23131.4 0.0165486 253.551 849.891 603.226 509.93 27238.3 20344 12986.7 15227.8 16306.4
23518.4 0.0170791 261.517 875.076 621.582 525.589 22218.8 16613.6 10642.9 12460.4 13335.6
25091.6 0.0189078 289.275 965.629 686.645 580.822 15555.2 11625.5 7459.04 8725.76 9336.15
24154.1 0.0177991 272.425 910.459 647.069 547.244 19366.7 14487.9 9300.26 10878.6 11638.8
25830.6 0.0192873 295.145 985.859 700.825 592.757 16729 12523.2 8069.81 9423.49 10075.9
24673.9 0.0183022 280.081 935.636 665.092 562.526 18386.7 13761.5 8849.24 10343.3 11063.1
26911.5 0.0198338 303.64 1015.53 721.5 610.123 17376.9 12995.9 8371.34 9776.53 10453.8
29852.2 0.0211773 324.614 1089.57 772.861 653.191 16860 12585.4 8114.56 9471.8 10126.2
29246.2 0.0209602 321.142 1076.52 764.051 645.876 16460.4 12296 7930.78 9256.2 9895.25
28233.7 0.0205728 314.994 1053.86 748.623 633.026 15826.3 11837.7 7639.92 8914.92 9529.59
28930.3 0.0208825 319.78 1070.26 760.155 642.74 15237.5 11398.2 7361.53 8587.58 9178.63
28402.5 0.0206485 316.165 1057.87 751.443 635.402 15679.4 11728.1 7570.56 8833.34 9442.11
28418.7 0.0206439 316.082 1057.47 751.198 635.206 15509.2 11603 7490.65 8739.81 9341.98
28900.4 0.0207072 317.014 1060.09 753.234 636.974 13910.1 10423 6736.39 7857.19 8397.21
31605.3 0.0216331 331.379 1109.71 788.017 666.239 11466.9 8607.4 5576.05 6498.67 6942.86
37327.1 0.0236065 362.049 1216.23 862.494 728.849 8270.42 6223.35 4046.83 4710.52 5029.6
46095.9 0.0263198 404.367 1364.53 965.785 815.559 5447.39 4112.33 2685.54 3121.91 3331.26
42015.2 0.0251012 385.342 1297.68 919.278 776.534 6547.57 4936.22 3217.71 3742.61 3994.66
49186.2 0.0279226 429.018 1447.95 1024.75 865.333 5668.99 4273.88 2793.19 3245.71 3462.86
43207.2 0.0255927 392.943 1323.76 937.604 791.969 6375.93 4807.47 3135.44 3646.21 3891.45
43697.6 0.0258118 396.329 1335.35 945.76 798.841 6373.09 4806.59 3135.21 3645.89 3891.06
43953.4 0.0259484 398.428 1342.44 950.776 803.077 6417.18 4840.25 3157.3 3671.55 3918.41
44368 0.0261743 401.896 1354.11 959.047 810.064 6499.22 4902.53 3198.15 3718.97 3968.98
48758.9 0.028466 437.077 1472.48 1042.95 880.945 7335.18 5537.28 3614.64 4202.42 4484.5
47042.6 0.0275749 423.396 1426.44 1010.32 853.378 7006.69 5287.81 3450.92 4012.4 4281.88
50819 0.0296555 455.365 1534.25 1086.66 917.85 7910.1 5973.44 3899.71 4533.92 4838.2
58389 0.0340398 522.759 1761.79 1247.69 1053.83 9868.68 7460.16 4874.04 5665.63 6045.21
84870.6 0.0480787 738.962 2496.09 1765.94 1491.02 13986.5 10555.6 6898.73 8019.01 8555.67
58960.6 0.0343447 527.446 1777.63 1258.9 1063.29 9975.22 7540.87 4926.96 5727.1 6110.76
60298.1 0.0356681 547.632 1844.47 1306.59 1103.68 10113.3 7646.12 4995.38 5806.91 6196
59182.8 0.0345481 530.552 1787.94 1266.24 1069.51 10014 7570.49 4946.22 5749.56 6134.75
59678.1 0.0350339 537.961 1812.47 1283.75 1084.33 10049.5 7597.43 4963.85 5770.06 6156.62
62268.1 0.0377664 579.587 1949.89 1381.94 1167.53 10113.9 7645.96 4995.76 5807.08 6196.07
68606.6 0.0451417 691.565 2316.5 1644.8 1390.56 10205.2 7714.54 5040.57 5859.2 6251.68
69778 0.0463834 710.381 2377.8 1688.84 1427.96 10297.6 7784.83 5086.73 5912.79 6308.83
81587.1 0.0593319 906.008 3010.34 2144.8 1815.57 11198.9 8470.73 5537.06 6435.74 6866.43
83673.3 0.0578483 883.681 2938.87 2093.06 1771.51 12088.3 9149.78 5982.81 6953.51 7418.55
85178.2 0.0586964 896.888 2984.88 2125.19 1798.52 13857.6 10500.2 6870.62 7984.15 8517.3
82842.2 0.0575124 878.797 2924.67 2082.33 1762.24 12637.1 9568.64 6258.16 7273.15 7759.31
107488 0.0651576 993.221 3285.74 2345.34 1986.68 13137.5 9950.43 6508 7563.89 8069.5
84972.8 0.0578137 883.283 2938.64 2092.56 1770.99 12867.2 9744.5 6373.27 7407.09 7902.21
113125 0.0635375 968.679 3205.85 2287.92 1937.92 13156.7 9965.45 6518.18 7575.57 8081.9
89875.4 0.0592356 904.551 3005.64 2141.4 1812.68 12926.7 9789.93 6403.06 7441.73 7939.16
91733.9 0.0604904 923.438 3066.14 2185.18 1849.96 12962.4 9817.26 6420.85 7462.53 7961.36
91569 0.0604371 922.676 3064.05 2183.56 1848.54 13010.5 9854.45 6445.04 7490.83 7991.6
89886.1 0.0598758 914.622 3041.69 2166.29 1833.5 13502.5 10234.6 6691.94 7780 8300.56
90645.3 0.0601329 918.319 3052.02 2174.24 1840.42 13280.3 10062.9 6580.51 7649.45 8161.05
88689.8 0.059391 907.477 3020.13 2150.26 1819.73 13676.2 10369.1 6779.02 7882.18 8409.79
85530.4 0.0582672 891.113 2972.56 2114.29 1788.64 14427.6 10950.4 7154.6 8323.35 8881.56
84938.8 0.0595484 911.402 3046.24 2164.86 1830.85 15813.8 12019 7844.43 9133.46 9747.93
85523.3 0.0582884 891.448 2973.77 2115.12 1789.33 14449 10966.9 7165.3 8335.9 8894.98
85484.7 0.0583226 892.001 2975.87 2116.54 1790.51 14499.4 11005.7 7190.4 8365.3 8926.39
85084.3 0.0586603 897.468 2996.7 2130.56 1802.13 15012.5 11400.5 7446.15 8665.04 9246.77
83024.6 0.0587859 900.18 3012.51 2139.74 1809.26 16164.7 12287.3 8019.15 9337.39 9965.69
84412.9 0.0587049 898.409 3002.05 2133.69 1804.57 15378.2 11681.9 7628.17 8878.49 9474.97
84589.4 0.0586935 898.167 3000.66 2132.88 1803.94 15281.2 11607.2 7579.88 8821.85 9414.41
84591.3 0.0595075 910.751 3043.81 2163.21 1829.48 15668.6 11905 7772.42 9047.66 9655.82
84590.4 0.0588381 900.402 3008.32 2138.27 1808.47 15349.8 11660 7613.97 8861.83 9457.15
84438.4 0.0589064 901.491 3012.34 2141.01 1810.75 15421.4 11715 7649.55 8903.56 9501.77
82927.5 0.0595921 912.429 3052.71 2168.53 1833.68 16157.1 12280.2 8014.51 9331.86 9959.77
83874 0.0591609 905.55 3027.31 2151.22 1819.26 15691.2 11922.2 7783.44 9060.64 9669.72
82634.2 0.060051 919.466 3076.37 2185.3 1847.85 16251.5 12352.5 8060.71 9386.3 10018.1
81571.8 0.0609499 933.479 3125.44 2219.49 1876.55 16766.6 12748 8315.24 9685.49 10338.2
80168.8 0.0621664 952.452 3191.95 2265.8 1915.42 17467.4 13286.1 8661.02 10092.3 10773.5
77478.5 0.0642634 985.173 3306.84 2345.75 1982.51 18724.8 14251.5 9279.59 10821.1 11553.9
79766.3 0.0624681 957.157 3208.45 2277.29 1925.07 17647.3 13424.2 8749.61 10196.6 10885.2
79228.9 0.0623739 955.723 3203.74 2273.91 1922.2 17689.5 13456.6 8770.04 10220.8 10911.2
74019.3 0.0614485 941.646 3157.5 2240.79 1894.12 18119.5 13786.6 8977.69 10467.6 11176.2
62110.6 0.0584852 896.931 3013.7 2136.86 1805.68 18694.7 14226.1 9246.08 10791.3 11525.5
45191.3 0.0531401 815.523 2745.2 1944.92 1643.03 20917.9 15933.4 10354.4 12087.8 12910.7
35128.6 0.0591248 908.335 3066.62 2169.82 1832.18 23029.1 17592.5 11399.5 13336.9 14252.3
39708 0.0558163 857.042 2889.13 2045.59 1727.68 21942.2 16738.7 10862 12694.2 13562
33433.7 0.055436 851.576 2873.71 2033.79 1717.43 22754.3 17373.3 11225 13149.9 14059
28855.4 0.0544501 835.351 2809.5 1991.23 1682.37 22249.2 16963.8 10895.2 12798.1 13696
27749.6 0.0531808 815.755 2742.59 1944.11 1642.65 23260.9 17725.2 11368.4 13361.6 14302.1
27965 0.0521859 799.544 2680.01 1902.18 1607.99 24026.3 18273.1 11682.1 13747 14721.9
29295.6 0.0553662 846.989 2828.12 2010.62 1700.68 25335.6 19230.1 12241 14429.8 15463.5
31728.5 0.0671783 1025.13 3401.2 2424.65 2052.93 26388.4 19980.8 12680.9 14963.3 16042.3
30343.9 0.0663406 1011.7 3350.93 2390.6 2024.64 25636.7 19381.3 12264.9 14488.3 15540.1
30107.6 0.0711302 1083.45 3577.42 2555.6 2165.43 25442.8 19182.5 12078.2 14295.5 15345.2
28897.7 0.0780632 1187.18 3903.7 2793.72 2368.73 25444.6 19101.2 11907.5 14151.4 15214.1
29328.7 0.0752913 1145.69 3773.02 2698.4 2287.38 25443.7 19132.4 11972.7 14206.5 15264.3
29041.8 0.0820581 1248.3 4107.94 2938.84 2491.48 26965.1 20215.3 12564.7 14950.6 16080.8
28488.9 0.0941343 1430.52 4695.2 3362.75 2852.03 29671.1 22092.4 13556.6 16211.4 17471.4
26864.2 0.116277 1763.97 5764.2 4136.17 3510.41 34648 25463.2 15246.9 18407 19912.8
27999.5 0.124954 1896.41 6203.69 4449.48 3775.68 35187.1 25802.4 15401.2 18614.1 20146.6
28657.8 0.127329 1933.08 6328.75 4537.61 3849.97 35543.5 26072.8 15583.6 18823.2 20368.6
30998.7 0.148932 2258.52 7372.67 5292.76 4492.73 38305.6 27990.6 16613.5 20121.2 21796.5
32816.7 0.170551 2583.93 8414.53 6046.99 5134.9 41662.7 30240.5 17714.5 21566.3 23409.5
33444.3 0.171983 2606.03 8490.1 6100.15 5179.7 42208.4 30621.4 17917.7 21823.8 23693.1
33802.2 0.172208 2609.17 8498.13 6106.57 5185.37 41194.2 29864.4 17464 21274.3 23098.6
33764.8 0.1724 2610.58 8490.3 6104.76 5185.01 40468.8 29266.8 17039.8 20792.1 22590.3
34021.1 0.180027 2723.64 8837.2 6360.68 5404.36 41000.4 29572.8 17140.3 20950 22777.6
33416 0.186334 2816.81 9120.79 6570.59 5584.5 42170 30315.2 17466.6 21397.1 23285
33182.6 0.187214 2829.84 9160.74 6600.05 5609.75 42610.9 30600.3 17603.3 21576.6 23485.9
32967.7 0.187821 2839.5 9196.06 6624.22 5629.91 43564.2 31266.6 17962.4 22029 23983.4
33382.5 0.189961 2872.53 9309.23 6703.77 5696.93 44000.4 31545.7 18092.7 22202.2 24178.1
33341.8 0.188985 2857.35 9256.33 6666.82 5665.88 44936.4 32191.1 18443.7 22640.5 24659.2
33257.7 0.186979 2825.72 9143.12 6588.62 5600.45 45191.6 32336.5 18503.1 22721.8 24752.6
33011.3 0.185996 2811.22 9099.3 6556.07 5572.49 44957.3 32158.7 18393.7 22590.8 24611.4
32528.1 0.183866 2779.49 9000.6 6483.68 5510.57 44463.2 31786.3 18163.3 22315.7 24315.2
32426.2 0.185341 2801.29 9067.09 6532.85 5552.76 44760.8 31961.1 18230 22412.2 24427.2
32317.4 0.186051 2811.4 9094.58 6554.27 5571.47 45265.1 32277.9 18373.7 22604.8 24644.7
31955.7 0.188018 2839.58 9173.01 6614.72 5624.07 45905.3 32627.3 18476.6 22774 24848.8
31134.6 0.190252 2871.17 9257.67 6681.09 5682.17 46653.7 32993.7 18532.1 22910.8 25029.4
30041.6 0.198251 2987.72 9599.3 6938.16 5904.09 48053.2 33667.2 18607.6 23143.3 25346.3
29837.7 0.200455 3020.25 9698 7011.33 5966.91 48029.8 33621.5 18548.8 23086.8 25291.5
30159 0.20762 3128.6 10049.3 7264.23 6181.81 48405.8 33882.6 18672.5 23253.8 25479
30165 0.221106 3331.62 10700.2 7735.08 6582.62 49996.4 34912.4 19127.4 23879.2 26188.3
30959.1 0.248071 3736.89 11993.4 8672.5 7381.18 52206 36284.4 19659.6 24657.3 27088.6
31026.2 0.247842 3733.44 11981.9 8664.38 7374.31 52285.2 36360.1 19719.2 24723.3 27157.2
31189.8 0.249342 3755.61 12049.4 8714.34 7417.18 52705.6 36652.5 19878.4 24922.4 27375.7
31644.8 0.253274 3814.96 12240.7 8852.45 7534.65 53462.6 37184.8 20168.7 25286.4 27775.2
31456.7 0.256327 3860.01 12377.2 8953.68 7621.59 53683.1 37282.5 20154.8 25303 27807.9
31399.3 0.256273 3858.97 12372 8950.51 7619.07 53761.7 37327.7 20169.8 25326.4 27835.6
31414.1 0.261696 3939.72 12623.6 9134.75 7776.61 54594.2 37828.7 20362.5 25606.1 28159.6
31278.9 0.271499 4085.93 13081.5 9469.33 8062.46 56259.5 38825 20732.5 26153.4 28797.1
31187.3 0.286669 4312.34 13791.3 9987.74 8505.3 58193.8 39953.8 21117.3 26747 29497.8
31146.3 0.289745 4357.77 13929.5 10090 8593.1 58759.2 40296.3 21253 26940.9 29721.4
30771.3 0.294157 4422.54 14123.8 10234.7 8717.54 59055.1 40393 21203.5 26926.3 29727
30335.5 0.300768 4519.36 14412.1 10450.1 8903.02 59948.1 40840 21281.6 27101 29953.8
29765.3 0.311763 4681.59 14905.7 10815.3 9216.44 61482.9 41653.5 21491.3 27470.4 30408.6
29706.5 0.320828 4814.99 15308.3 11114.3 9473.38 62023.6 41864.4 21459.9 27497 30468.7
29585.5 0.327408 4909.37 15572.5 11317.2 9649.84 61908.7 41582.6 21145.1 27171.8 30145.6
29290.4 0.332869 4987.24 15787.5 11483.4 9794.63 61637.7 41164.7 20735.2 26736.3 29705.8
29641.8 0.341371 5111.51 16156.6 11759.3 10032.3 61997.4 41169.2 20534.3 26572.9 29569.3
29685.5 0.339367 5081.22 16058.6 11688.7 9972.29 61736.1 40981 20430.7 26442.7 29426.5
29853.2 0.339074 5076.58 16041.6 11677.1 9962.6 60939.1 40400.1 20093.1 26029.3 28977.2
29756.5 0.337106 5046.65 15943.5 11606.8 9902.95 60625.1 40126.2 19896.3 25803.8 28739.8
29688.5 0.338808 5071.07 16012.8 11659.5 9948.75 61056.8 40246.7 19801.2 25756.9 28722.3
29985.2 0.342294 5122.55 16170.1 11775.7 10048.4 61186.2 40245.3 19717.9 25689.9 28666.1
30107.6 0.344128 5149.21 16248 11834.4 10099 60934.9 39976.8 19485.3 25438.1 28408.1
29944.6 0.342331 5122.25 16162.3 11772.1 10046 60760.2 39857.4 19418.9 25356.3 28318.6
29960 0.34069 5097.79 16085.9 11716.2 9998.2 60681.7 39811.4 19399.7 25330 28288.6
30033.9 0.34085 5100.33 16095.3 11722.6 10003.5 60669.6 39789.1 19374.8 25304.7 28263.5
30080.5 0.340005 5087.54 16053.9 11692.8 9978.16 60392.8 39578.4 19245.4 25149 28095.6
30071.5 0.339313 5077.09 16020.1 11668.4 9957.46 60221.5 39451 19167.9 25055.7 27995
30111.6 0.337247 5046.2 15922.8 11597.5 9896.91 59910.6 39241.9 19062.7 24919.7 27843.8
30081.3 0.337993 5057.26 15956.8 11622.5 9918.39 60111.7 39371 19123.3 24999.9 27933.9
30110.1 0.338938 5071.41 16001.8 11655.2 9946.21 60195.1 39430.9 19159.5 25043.2 27980.7
30071.1 0.338781 5068.9 15992.5 11648.8 9940.94 60200.5 39429.7 19154.3 25038.8 27976.8
30049.6 0.338123 5058.9 15959.5 11625.3 9920.95 60155.1 39394.1 19131.8 25011.8 27947.9
30042.2 0.338431 5063.42 15973.1 11635.4 9929.66 60162.6 39391.4 19123.7 25004.6 27941.3
30014.5 0.338392 5062.66 15969.4 11633.1 9927.82 60185.5 39395.4 19115.2 24998.6 27937
30059.4 0.33923 5075.23 16009.2 11662 9952.51 60124.1 39347.7 19084.9 24962.7 27898.5
30046.2 0.338969 5071.37 15997.5 11653.4 9945.06 60165.1 39373.7 19096.5 24978.5 27916.3
30029.5 0.338986 5071.65 15998.6 11654.1 9945.67 60254.4 39430.3 19121.1 25012.3 27954.8
29990.1 0.338796 5068.78 15989.4 11647.4 9939.99 60268.2 39435.7 19118.9 25012.1 27955.7
29983.1 0.338958 5071.2 15997 11653 9944.72 60334 39478.4 19138.9 25038.7 27985.6
29970 0.339048 5072.48 16000.4 11655.7 9947.08 60370.2 39501.7 19150.1 25053.4 28002
29971.6 0.339288 5076.07 16011.7 11663.9 9954.12 60382.6 39509.6 19154.6 25058.7 28007.9
29988.1 0.339306 5076.32 16012.4 11664.4 9954.58 60336.8 39481.3 19143.3 25042.5 27989.1
30002.7 0.339307 5076.36 16012.6 11664.6 9954.68 60297.2 39456.7 19133.1 25028.2 27972.7
30021.5 0.339423 5078.13 16018.5 11668.8 9958.24 60295.8 39454.7 19131.1 25026.1 27970.7
30027.9 0.339528 5079.72 16023.8 11672.5 9961.42 60302.4 39458.2 19131.5 25027.4 27972.4
30032.4 0.339632 5081.24 16028.3 11675.9 9964.32 60336.3 39479.1 19139.9 25039.4 27986.2
30024.5 0.33954 5079.87 16023.9 11672.7 9961.63 60341 39482 19140.8 25040.9 27988
30026.1 0.339517 5079.52 16022.8 11671.9 9960.95 60337 39479.5 19139.9 25039.5 27986.4
30025.9 0.339403 5077.81 16017.4 11668 9957.57 60319.3 39468.8 19135.7 25033.5 27979.4
30025.1 0.339375 5077.4 16016.1 11667 9956.78 60308.4 39461.8 19132.4 25029.1 27974.5
30022.8 0.339345 5076.95 16014.8 11666 9955.92 60297.8 39455.1 19129.4 25025.1 27969.9
30019.2 0.339371 5077.34 16016 11666.9 9956.67 60288.1 39448.5 19126 25020.7 27965.1
30016.8 0.33937 5077.32 16015.8 11666.8 9956.61 60294.4 39452.3 19127.7 25023 27967.7
30017.1 0.339375 5077.39 16016.1 11667 9956.76 60297.5 39454.3 19128.7 25024.3 27969.1
30021.7 0.339379 5077.46 16016.3 11667.2 9956.9 60296.8 39453.8 19128.3 25023.8 27968.7
30020.5 0.339367 5077.27 16015.7 11666.7 9956.53 60296.2 39453.4 19128.1 25023.5 27968.3
30019.4 0.339351 5077.03 16014.9 11666.2 9956.06 60296.7 39453.7 19128.1 25023.7 27968.5
30019.2 0.339328 5076.68 16013.8 11665.4 9955.35 60291.2 39450 19126.3 25021.3 27965.9
30020 0.339333 5076.77 16014.1 11665.6 9955.53 60294.3 39452 19127.2 25022.6 27967.3
30021.7 0.339346 5076.96 16014.7 11666 9955.92 60293.6 39451.6 19127 25022.3 27967
30022.7 0.339361 5077.19 16015.5 11666.6 9956.37 60295.4 39452.8 19127.7 25023.2 27967.9
30023.7 0.339377 5077.42 16016.2 11667.1 9956.83 60296.3 39453.5 19128.2 25023.7 27968.5
30023.2 0.339369 5077.31 16015.9 11666.9 9956.61 60294.4 39452.4 19127.8 25023.1 27967.8
30022.8 0.339361 5077.19 16015.5 11666.6 9956.37 60294.3 39452.4 19127.8 25023.1 27967.8
30022.2 0.33934 5076.87 16014.5 11665.8 9955.74 60291.6 39450.7 19127 25022.1 27966.6
30022.2 0.339326 5076.66 16013.8 11665.3 9955.33 60290.2 39449.7 19126.5 25021.4 27965.9
30022.7 0.339322 5076.6 16013.6 11665.2 9955.22 60288 39448.2 19125.7 25020.4 27964.8
30023.4 0.33933 5076.72 16014 11665.5 9955.45 60287.1 39447.6 19125.4 25020.1 27964.4
30023.6 0.339337 5076.82 16014.3 11665.7 9955.65 60286.9 39447.5 19125.4 25020 27964.3
30023.5 0.339341 5076.88 16014.5 11665.8 9955.76 60286.6 39447.3 19125.3 25019.9 27964.2
30022.9 0.339337 5076.83 16014.3 11665.7 9955.65 60286.4 39447.2 19125.3 25019.8 27964.1
30022.3 0.33933 5076.72 16014 11665.5 9955.43 60285.6 39446.6 19125 25019.4 27963.7
30021.8 0.339322 5076.6 16013.6 11665.2 9955.21 60284.9 39446.2 19124.7 25019.1 27963.4
30021.7 0.339318 5076.53 16013.4 11665.1 9955.08 60284 39445.6 19124.5 25018.8 27962.9
30021.9 0.339317 5076.53 16013.4 11665 9955.08 60283.5 39445.3 19124.3 25018.5 27962.7
30022.3 0.339319 5076.56 16013.5 11665.1 9955.12 60283 39445 19124.2 25018.4 27962.5
30022.6 0.339321 5076.58 16013.5 11665.2 9955.17 60282.8 39444.8 19124.1 25018.3 27962.4
30022.7 0.33932 5076.58 16013.5 11665.2 9955.16 60282.6 39444.7 19124.1 25018.3 27962.4
30022.6 0.339318 5076.55 16013.4 11665.1 9955.1 60282.4 39444.6 19124.1 25018.2 27962.3
30022.5 0.339316 5076.51 16013.3 11665 9955.02 60282.2 39444.5 19124 25018.1 27962.2
30022.4 0.339314 5076.48 16013.2 11664.9 9954.97 60282.1 39444.4 19124 25018.1 27962.2
30022.4 0.339314 5076.48 16013.2 11664.9 9954.98 60282 39444.4 19123.9 25018 27962.1
30022.4 0.339315 5076.5 16013.3 11665 9955.01 60282.1 39444.4 19124 25018.1 27962.2
30022.5 0.339316 5076.52 16013.3 11665 9955.05 60282.2 39444.5 19124 25018.1 27962.2
30022.5 0.339317 5076.53 16013.4 11665.1 9955.08 60282.2 39444.5 19124 25018.1 27962.2
30022.5 0.339317 5076.53 16013.4 11665.1 9955.08 60282.3 39444.5 19124 25018.1 27962.2
30022.5 0.339317 5076.53 16013.4 11665 9955.06 60282.2 39444.5 19124 25018.1 27962.2
30022.4 0.339316 5076.51 16013.3 11665 9955.04 60282.2 39444.5 19124 25018.1 27962.2
30022.4 0.339315 5076.5 16013.3 11665 9955.02 60282.1 39444.4 19124 25018.1 27962.2
30022.4 0.339315 5076.5 16013.3 11665 9955.01 60282.1 39444.4 19124 25018.1 27962.2
30022.4 0.339315 5076.5 16013.3 11665 9955.02 60282.1 39444.4 19124 25018.1 27962.2
30022.4 0.339316 5076.51 16013.3 11665 9955.02 60282.1 39444.4 19124 25018.1 27962.2
30022.4 0.339316 5076.51 16013.3 11665 9955.03 60282.1 39444.4 19124 25018.1 27962.2
30022.5 0.339316 5076.51 16013.3 11665 9955.03 60282.1 39444.4 19124 25018.1 27962.2
30022.5 0.339316 5076.51 16013.3 11665 9955.03 60282.1 39444.4 19124 25018.1 27962.2
30022.5 0.339316 5076.51 16013.3 11665 9955.03 60282.1 39444.4 19124 25018.1 27962.2
30022.5 0.339316 5076.51 16013.3 11665 9955.03 60282.1 39444.4 19124 25018.1 27962.2
30022.5 0.339316 5076.51 16013.3 11665 9955.03 60282.1 39444.4 19124 25018.1 27962.2
30022.4 0.339316 5076.51 16013.3 11665 9955.03 60282.1 39444.4 19124 25018.1 27962.2
30022.4 0.339316 5076.51 16013.3 11665 9955.03 60282.1 39444.4 19124 25018.1 27962.2
30022.4 0.339316 5076.51 16013.3 11665 9955.03 60282.1 39444.4 19124 25018.1 27962.2
30022.4 0.339316 5076.51 16013.3 11665 9955.03 60282.1 39444.4 19124 25018.1 27962.2
30022.4 0.339316 5076.51 16013.3 11665 9955.03 60282.1 39444.4 19124 25018.1 27962.2
30022.4 0.339316 5076.51 16013.3 11665 9955.03 60282.1 39444.4 19124 25018.1 27962.2
30022.4 0.339316 5076.51 16013.3 11665 9955.03 60282.1 39444.4 19124 25018.1 27962.2
30022.4 0.339316 5076.51 16013.3 11665 9955.03 60282.1 39444.4 19124 25018.1 27962.2
30022.4 0.339316 5076.51 16013.3 11665 9955.03 60282.1 39444.4 19124 25018.1 27962.2
30022.4 0.339316 5076.51 16013.3 11665 9955.03 60282.1 39444.4 19124 25018.1 27962.2
30022.4 0.339316 5076.51 16013.3 11665 9955.03 60282.1 39444.4 19124 25018.1 27962.2
30022.4 0.339316 5076.51 16013.3 11665 9955.03 60282.1 39444.4 19124 25018.1 27962.2
30022.4 0.339316 5076.51 16013.3 11665 9955.03 60282.1 39444.4 19124 25018.1 27962.2
30022.4 0.339316 5076.51 16013.3 11665 9955.03 60282.1 39444.4 19124 25018.1 27962.2
30022.5 0.339315 5076.5 16013.3 11665 9955.02 60282.1 39444.5 19124.1 25018.2 27962.3
30022.4 0.339316 5076.51 16013.3 11665 9955.04 60282.1 39444.3 19123.8 25017.9 27962
30022.5 0.339316 5076.51 16013.3 11665 9955.03 60282.1 39444.4 19124 25018.1 27962.2
30022.4 0.339316 5076.51 16013.3 11665 9955.03 60282.1 39444.4 19124 25018.1 27962.2
30022.4 0.339316 5076.51 16013.3 11665 9955.03 60282.1 39444.4 19124 25018.1 27962.2
30022.5 0.339316 5076.51 16013.3 11665 9955.03 60282.1 39444.4 19124 25018.1 27962.2
30022.4 0.339316 5076.51 16013.3 11665 9955.03 60282.1 39444.4 19124 25018.1 27962.2
30022.4 0.339316 5076.51 16013.3 11665 9955.03 60282.1 39444.4 19124 25018.1 27962.2
30022.4 0.339316 5076.51 16013.3 11665 9955.03 60282.1 39444.4 19124 25018.1 27962.2
30022.4 0.339316 5076.51 16013.3 11665 9955.03 60282.1 39444.4 19124 25018.1 27962.2
30022.4 0.339316 5076.51 16013.3 11665 9955.03 60282.1 39444.4 19124 25018.1 27962.2
30022.4 0.339316 5076.51 16013.3 11665 9955.03 60282.1 39444.4 19124 25018.1 27962.2
30022.4 0.339316 5076.51 16013.3 11665 9955.03 60282.1 39444.4 19124 25018.1 27962.2
30022.5 0.339316 5076.51 16013.3 11665 9955.03 60282.1 39444.4 19124 25018.1 27962.2
30022.4 0.339316 5076.51 16013.3 11665 9955.03 60282.1 39444.4 19124 25018.1 27962.2
30022.5 0.339316 5076.51 16013.3 11665 9955.03 60282.1 39444.4 19124 25018.1 27962.2
30022.7 0.339319 5076.56 16013.5 11665.1 9955.13 60282.7 39444.8 19124.2 25018.3 27962.5
30022.1 0.339312 5076.46 16013.2 11664.9 9954.93 60281.5 39444 19123.8 25017.8 27961.9
30022.5 0.339316 5076.51 16013.3 11665 9955.04 60282.2 39444.5 19124 25018.1 27962.2
30022.4 0.339315 5076.5 16013.3 11665 9955.02 60282.1 39444.4 19124 25018.1 27962.2
30022.4 0.339316 5076.51 16013.3 11665 9955.03 60282.1 39444.4 19124 25018.1 27962.2
30022.4 0.339316 5076.51 16013.3 11665 9955.03 60282.1 39444.4 19124 25018.1 27962.2
30022.4 0.339316 5076.51 16013.3 11665 9955.03 60282.1 39444.4 19124 25018.1 27962.2
30022.4 0.339316 5076.51 16013.3 11665 9955.03 60282.1 39444.4 19124 25018.1 27962.2
30022.4 0.339316 5076.51 16013.3 11665 9955.03 60282.1 39444.4 19124 25018.1 27962.2
30022.4 0.339316 5076.51 16013.3 11665 9955.03 60282.1 39444.4 19124 25018.1 27962.2
30022.4 0.339316 5076.51 16013.3 11665 9955.03 60282.1 39444.4 19124 25018.1 27962.2
30022.4 0.339316 5076.51 16013.3 11665 9955.03 60282.1 39444.4 19124 25018.1 27962.2
30022.4 0.339316 5076.51 16013.3 11665 9955.03 60282.1 39444.4 19124 25018.1 27962.2
30022.4 0.339316 5076.51 16013.3 11665 9955.03 60282.1 39444.4 19124 25018.1 27962.2
30022.4 0.339316 5076.51 16013.3 11665 9955.03 60282.1 39444.4 19124 25018.1 27962.2
30022.4 0.339316 5076.51 16013.3 11665 9955.03 60282.1 39444.4 19124 25018.1 27962.2
30022.4 0.339316 5076.51 16013.3 11665 9955.03 60282.1 39444.4 19124 25018.1 27962.2
30022.4 0.339316 5076.51 16013.3 11665 9955.03 60282.1 39444.4 19124 25018.1 27962.2
30022.4 0.339316 5076.51 16013.3 11665 9955.03 60282.1 39444.4 19124 25018.1 27962.2
30022.4 0.339316 5076.51 16013.3 11665 9955.03 60282.1 39444.4 19124 25018.1 27962.2
30022.4 0.339316 5076.51 16013.3 11665 9955.03 60282.1 39444.4 19124 25018.1 27962.2
30022.4 0.339316 5076.51 16013.3 11665 9955.03 60282.1 39444.4 19124 25018.1 27962.2
30022.4 0.339316 5076.51 16013.3 11665 9955.03 60282.1 39444.4 19124 25018.1 27962.2
30022.4 0.339316 5076.51 16013.3 11665 9955.03 60282.1 39444.4 19124 25018.1 27962.2
30022.4 0.339316 5076.51 16013.3 11665 9955.03 60282.1 39444.4 19124 25018.1 27962.2
30022.4 0.339316 5076.51 16013.3 11665 9955.03 60282.1 39444.4 19124 25018.1 27962.2
30022.4 0.339316 5076.51 16013.3 11665 9955.03 60282.1 39444.4 19124 25018.1 27962.2
30022.4 0.339316 5076.51 16013.3 11665 9955.03 60282.1 39444.4 19124 25018.1 27962.2
30022.4 0.339316 5076.51 16013.3 11665 9955.03 60282.1 39444.4 19124 25018.1 27962.2
30022.4 0.339316 5076.51 16013.3 11665 9955.03 60282.1 39444.4 19124 25018.1 27962.2
30022.4 0.339316 5076.51 16013.3 11665 9955.03 60282.1 39444.4 19124 25018.1 27962.2
30022.4 0.339316 5076.51 16013.3 11665 9955.03 60282.1 39444.4 19124 25018.1 27962.2
30022.4 0.339316 5076.51 16013.3 11665 9955.03 60282.1 39444.4 19124 25018.1 27962.2
30022.4 0.339316 5076.51 16013.3 11665 9955.03 60282.1 39444.4 19124 25018.1 27962.2
30022.4 0.339316 5076.51 16013.3 11665 9955.03 60282.1 39444.4 19124 25018.1 27962.2
30022.4 0.339316 5076.51 16013.3 11665 9955.03 60282.1 39444.4 19124 25018.1 27962.2
30022.4 0.339316 5076.51 16013.3 11665 9955.03 60282.1 39444.4 19124 25018.1 27962.2
30022.4 0.339316 5076.51 16013.3 11665 9955.03 60282.1 39444.4 19124 25018.1 27962.2
30022.4 0.339316 5076.51 16013.3 11665 9955.03 60282.1 39444.4 19124 25018.1 27962.2
30022.4 0.339316 5076.51 16013.3 11665 9955.03 60282.1 39444.4 19124 25018.1 27962.2
30022.4 0.339316 5076.51 16013.3 11665 9955.03 60282.1 39444.4 19124 25018.1 27962.2
30022.4 0.339316 5076.51 16013.3 11665 9955.03 60282.1 39444.4 19124 25018.1 27962.2
30022.4 0.339316 5076.51 16013.3 11665 9955.03 60282.1 39444.4 19124 25018.1 27962.2
30022.4 0.339316 5076.51 16013.3 11665 9955.03 60282.1 39444.4 19124 25018.1 27962.2
30022.4 0.339316 5076.51 16013.3 11665 9955.03 60282.1 39444.4 19124 25018.1 27962.2
30022.4 0.339316 5076.51 16013.3 11665 9955.03 60282.1 39444.4 19124 25018.1 27962.2
30022.4 0.339316 5076.51 16013.3 11665 9955.03 60282.1 39444.4 19124 25018.1 27962.2
30022.4 0.339316 5076.51 16013.3 11665 9955.03 60282.1 39444.4 19124 25018.1 27962.2
30022.4 0.339316 5076.51 16013.3 11665 9955.03 60282.1 39444.4 19124 25018.1 27962.2
30022.4 0.339316 5076.51 16013.3 11665 9955.03 60282.1 39444.4 19124 25018.1 27962.2
30022.4 0.339316 5076.51 16013.3 11665 9955.03 60282.1 39444.4 19124 25018.1 27962.2
30022.4 0.339316 5076.51 16013.3 11665 9955.03 60282.1 39444.4 19124 25018.1 27962.2
30022.4 0.339316 5076.51 16013.3 11665 9955.03 60282.1 39444.4 19124 25018.1 27962.2
30022.4 0.339316 5076.51 16013.3 11665 9955.03 60282.1 39444.4 19124 25018.1 27962.2
30022.4 0.339316 5076.51 16013.3 11665 9955.03 60282.1 39444.4 19124 25018.1 27962.2
30022.4 0.339316 5076.51 16013.3 11665 9955.03 60282.1 39444.4 19124 25018.1 27962.2
30022.4 0.339316 5076.51 16013.3 11665 9955.03 60282.1 39444.4 19124 25018.1 27962.2
30022.4 0.339316 5076.51 16013.3 11665 9955.03 60282.1 39444.4 19124 25018.1 27962.2
30022.4 0.339316 5076.51 16013.3 11665 9955.03 60282.1 39444.4 19124 25018.1 27962.2
30022.4 0.339316 5076.51 16013.3 11665 9955.03 60282.1 39444.4 19124 25018.1 27962.2
30022.4 0.339316 5076.51 16013.3 11665 9955.03 60282.1 39444.4 19124 25018.1 27962.2
30022.4 0.339316 5076.51 16013.3 11665 9955.03 60282.1 39444.4 19124 25018.1 27962.2
30022.4 0.339316 5076.51 16013.3 11665 9955.03 60282.1 39444.4 19124 25018.1 27962.2
30022.4 0.339316 5076.51 16013.3 11665 9955.03 60282.1 39444.4 19124 25018.1 27962.2
30022.4 0.339316 5076.51 16013.3 11665 9955.03 60282.1 39444.4 19124 25018.1 27962.2
30022.4 0.339316 5076.51 16013.3 11665 9955.03 60282.1 39444.4 19124 25018.1 27962.2
30022.4 0.339316 5076.51 16013.3 11665 9955.03 60282.1 39444.4 19124 25018.1 27962.2
30022.4 0.339316 5076.51 16013.3 11665 9955.03 60282.1 39444.4 19124 25018.1 27962.2
30022.4 0.339316 5076.51 16013.3 11665 9955.03 60282.1 39444.4 19124 25018.1 27962.2
30022.4 0.339316 5076.51 16013.3 11665 9955.03 60282.1 39444.4 19124 25018.1 27962.2
30022.4 0.339316 5076.51 16013.3 11665 9955.03 60282.1 39444.4 19124 25018.1 27962.2
30022.4 0.339316 5076.51 16013.3 11665 9955.03 60282.1 39444.4 19124 25018.1 27962.2
30022.4 0.339316 5076.51 16013.3 11665 9955.03 60282.1 39444.4 19124 25018.1 27962.2
30022.4 0.339316 5076.51 16013.3 11665 9955.03 60282.1 39444.4 19124 25018.1 27962.2
30022.4 0.339316 5076.51 16013.3 11665 9955.03 60282.1 39444.4 19124 25018.1 27962.2
30022.4 0.339316 5076.51 16013.3 11665 9955.03 60282.1 39444.4 19124 25018.1 27962.2
30022.4 0.339316 5076.51 16013.3 11665 9955.03 60282.1 39444.4 19124 25018.1 27962.2
30022.4 0.339316 5076.51 16013.3 11665 9955.03 60282.1 39444.4 19124 25018.1 27962.2
30022.4 0.339316 5076.51 16013.3 11665 9955.03 60282.1 39444.4 19124 25018.1 27962.2
30022.4 0.339316 5076.51 16013.3 11665 9955.03 60282.1 39444.4 19124 25018.1 27962.2
30022.4 0.339316 5076.51 16013.3 11665 9955.03 60282.1 39444.4 19124 25018.1 27962.2
30022.4 0.339316 5076.51 16013.3 11665 9955.03 60282.1 39444.4 19124 25018.1 27962.2
30022.4 0.339316 5076.51 16013.3 11665 9955.03 60282.1 39444.4 19124 25018.1 27962.2
30022.4 0.339316 5076.51 16013.3 11665 9955.03 60282.1 39444.4 19124 25018.1 27962.2
30022.4 0.339316 5076.51 16013.3 11665 9955.03 60282.1 39444.4 19124 25018.1 27962.2
30022.4 0.339316 5076.51 16013.3 11665 9955.03 60282.1 39444.4 19124 25018.1 27962.2
30022.4 0.339316 5076.51 16013.3 11665 9955.03 60282.1 39444.4 19124 25018.1 27962.2
30022.4 0.339316 5076.51 16013.3 11665 9955.03 60282.1 39444.4 19124 25018.1 27962.2
30022.4 0.339316 5076.51 16013.3 11665 9955.03 60282.1 39444.4 19124 25018.1 27962.2
30022.4 0.339316 5076.51 16013.3 11665 9955.03 60282.1 39444.4 19124 25018.1 27962.2
30022.4 0.339316 5076.51 16013.3 11665 9955.03 60282.1 39444.4 19124 25018.1 27962.2
30022.4 0.339316 5076.51 16013.3 11665 9955.03 60282.1 39444.4 19124 25018.1 27962.2
30022.4 0.339316 5076.51 16013.3 11665 9955.03 60282.1 39444.4 19124 25018.1 27962.2
30022.4 0.339316 5076.51 16013.3 11665 9955.03 60282.1 39444.4 19124 25018.1 27962.2
30022.4 0.339316 5076.51 16013.3 11665 9955.03 60282.1 39444.4 19124 25018.1 27962.2
30022.4 0.339316 5076.51 16013.3 11665 9955.03 60282.1 39444.4 19124 25018.1 27962.2
30022.4 0.339316 5076.51 16013.3 11665 9955.03 60282.1 39444.4 19124 25018.1 27962.2
30022.4 0.339316 5076.51 16013.3 11665 9955.03 60282.1 39444.4 19124 25018.1 27962.2
30022.4 0.339316 5076.51 16013.3 11665 9955.03 60282.1 39444.4 19124 25018.1 27962.2
30022.4 0.339316 5076.51 16013.3 11665 9955.03 60282.1 39444.4 19124 25018.1 27962.2
30022.4 0.339316 5076.51 16013.3 11665 9955.03 60282.1 39444.4 19124 25018.1 27962.2
30022.4 0.339316 5076.51 16013.3 11665 9955.03 60282.1 39444.4 19124 25018.1 27962.2
30022.4 0.339316 5076.51 16013.3 11665 9955.03 60282.1 39444.4 19124 25018.1 27962.2
30022.4 0.339316 5076.51 16013.3 11665 9955.03 60282.1 39444.4 19124 25018.1 27962.2
30022.4 0.339316 5076.51 16013.3 11665 9955.03 60282.1 39444.4 19124 25018.1 27962.2
30022.4 0.339316 5076.51 16013.3 11665 9955.03 60282.1 39444.4 19124 25018.1 27962.2
30022.4 0.339316 5076.51 16013.3 11665 9955.03 60282.1 39444.4 19124 25018.1 27962.2
30022.4 0.339316 5076.51 16013.3 11665 9955.03 60282.1 39444.4 19124 25018.1 27962.2
30022.4 0.339316 5076.51 16013.3 11665 9955.03 60282.1 39444.4 19124 25018.1 27962.2
30022.4 0.339316 5076.51 16013.3 11665 9955.03 60282.1 39444.4 19124 25018.1 27962.2
30022.4 0.339316 5076.51 16013.3 11665 9955.03 60282.1 39444.4 19124 25018.1 27962.2
30022.4 0.339316 5076.51 16013.3 11665 9955.03 60282.1 39444.4 19124 25018.1 27962.2
30022.4 0.339316 5076.51 16013.3 11665 9955.03 60282.1 39444.4 19124 25018.1 27962.2
30022.4 0.339316 5076.51 16013.3 11665 9955.03 60282.1 39444.4 19124 25018.1 27962.2
30022.4 0.339316 5076.51 16013.3 11665 9955.03 60282.1 39444.4 19124 25018.1 27962.2
30022.4 0.339316 5076.51 16013.3 11665 9955.03 60282.1 39444.4 19124 25018.1 27962.2
30022.4 0.339316 5076.51 16013.3 11665 9955.03 60282.1 39444.4 19124 25018.1 27962.2
30022.4 0.339316 5076.51 16013.3 11665 9955.03 60282.1 39444.4 19124 25018.1 27962.2
30022.4 0.339316 5076.51 16013.3 11665 9955.03 60282.1 39444.4 19124 25018.1 27962.2
30022.4 0.339316 5076.51 16013.3 11665 9955.03 60282.1 39444.4 19124 25018.1 27962.2
30022.4 0.339316 5076.51 16013.3 11665 9955.03 60282.1 39444.4 19124 25018.1 27962.2
30022.4 0.339316 5076.51 16013.3 11665 9955.03 60282.1 39444.4 19124 25018.1 27962.2
30022.4 0.339316 5076.51 16013.3 11665 9955.03 60282.1 39444.4 19124 25018.1 27962.2
30022.4 0.339316 5076.51 16013.3 11665 9955.03 60282.1 39444.4 19124 25018.1 27962.2
30022.4 0.339316 5076.51 16013.3 11665 9955.03 60282.1 39444.4 19124 25018.1 27962.2
30022.4 0.339316 5076.51 16013.3 11665 9955.03 60282.1 39444.4 19124 25018.1 27962.2
30022.4 0.339316 5076.51 16013.3 11665 9955.03 60282.1 39444.4 19124 25018.1 27962.2
30022.4 0.339316 5076.51 16013.3 11665 9955.03 60282.1 39444.4 19124 25018.1 27962.2
30022.4 0.339316 5076.51 16013.3 11665 9955.03 60282.1 39444.4 19124 25018.1 27962.2
30022.4 0.339316 5076.51 16013.3 11665 9955.03 60282.1 39444.4 19124 25018.1 27962.2
30022.4 0.339316 5076.51 16013.3 11665 9955.03 60282.1 39444.4 19124 25018.1 27962.2
30022.4 0.339316 5076.51 16013.3 11665 9955.03 60282.1 39444.4 19124 25018.1 27962.2
30022.4 0.339316 5076.51 16013.3 11665 9955.03 60282.1 39444.4 19124 25018.1 27962.2
30022.4 0.339316 5076.51 16013.3 11665 9955.03 60282.1 39444.4 19124 25018.1 27962.2
30022.4 0.339316 5076.51 16013.3 11665 9955.03 60282.1 39444.4 19124 25018.1 27962.2
30022.4 0.339316 5076.51 16013.3 11665 9955.03 60282.1 39444.4 19124 25018.1 27962.2
30022.4 0.339316 5076.51 16013.3 11665 9955.03 60282.1 39444.4 19124 25018.1 27962.2
30022.4 0.339316 5076.51 16013.3 11665 9955.03 60282.1 39444.4 19124 25018.1 27962.2
30022.4 0.339316 5076.51 16013.3 11665 9955.03 60282.1 39444.4 19124 25018.1 27962.2
30022.4 0.339316 5076.51 16013.3 11665 9955.03 60282.1 39444.4 19124 25018.1 27962.2
30022.4 0.339316 5076.51 16013.3 11665 9955.03 60282.1 39444.4 19124 25018.1 27962.2
30022.4 0.339316 5076.51 16013.3 11665 9955.03 60282.1 39444.4 19124 25018.1 27962.2
30022.4 0.339316 5076.51 16013.3 11665 9955.03 60282.1 39444.4 19124 25018.1 27962.2
30022.4 0.339316 5076.51 16013.3 11665 9955.03 60282.1 39444.4 19124 25018.1 27962.2
30022.4 0.339316 5076.51 16013.3 11665 9955.03 60282.1 39444.4 19124 25018.1 27962.2
30022.4 0.339316 5076.51 16013.3 11665 9955.03 60282.1 39444.4 19124 25018.1 27962.2
30022.4 0.339316 5076.51 16013.3 11665 9955.03 60282.1 39444.4 19124 25018.1 27962.2
30022.4 0.339316 5076.51 16013.3 11665 9955.03 60282.1 39444.4 19124 25018.1 27962.2
30022.4 0.339316 5076.51 16013.3 11665 9955.03 60282.1 39444.4 19124 25018.1 27962.2
30022.4 0.339316 5076.51 16013.3 11665 9955.03 60282.1 39444.4 19124 25018.1 27962.2
30022.4 0.339316 5076.51 16013.3 11665 9955.03 60282.1 39444.4 19124 25018.1 27962.2
30022.4 0.339316 5076.51 16013.3 11665 9955.03 60282.1 39444.4 19124 25018.1 27962.2
30022.5 0.339316 5076.51 16013.3 11665 9955.03 60282.1 39444.4 19124 25018.1 27962.2
30022.4 0.339316 5076.51 16013.3 11665 9955.03 60282.1 39444.4 19124 25018.1 27962.2
30022.4 0.339316 5076.51 16013.3 11665 9955.03 60282.1 39444.4 19124 25018.1 27962.2
30022.4 0.339316 5076.51 16013.3 11665 9955.03 60282.1 39444.4 19124 25018.1 27962.2
30022.5 0.339316 5076.51 16013.3 11665 9955.03 60282.1 39444.4 19124 25018.1 27962.2
30022.4 0.339316 5076.51 16013.3 11665 9955.03 60282.1 39444.4 19124 25018.1 27962.2
30022.4 0.339316 5076.51 16013.3 11665 9955.03 60282.1 39444.4 19124 25018.1 27962.2
30022.4 0.339316 5076.51 16013.3 11665 9955.03 60282.1 39444.4 19124 25018.1 27962.2
30022.5 0.339316 5076.51 16013.3 11665 9955.03 60282.1 39444.4 19124 25018.1 27962.2
30022.4 0.339316 5076.51 16013.3 11665 9955.03 60282.1 39444.4 19124 25018.1 27962.2
30022.4 0.339316 5076.51 16013.3 11665 9955.03 60282.1 39444.4 19124 25018.1 27962.2
30022.4 0.339316 5076.51 16013.3 11665 9955.03 60282.1 39444.4 19124 25018.1 27962.2
30022.5 0.339316 5076.51 16013.3 11665 9955.03 60282.1 39444.4 19124 25018.1 27962.2
30022.4 0.339316 5076.51 16013.3 11665 9955.03 60282.1 39444.4 19124 25018.1 27962.2
30022.5 0.339316 5076.51 16013.3 11665 9955.03 60282.1 39444.4 19124 25018.1 27962.2
30022.4 0.339316 5076.51 16013.3 11665 9955.03 60282.1 39444.4 19124 25018.1 27962.2
30022.5 0.339316 5076.51 16013.3 11665 9955.04 60282.1 39444.4 19124 25018.1 27962.2
30022.4 0.339315 5076.5 16013.3 11665 9955.02 60282.1 39444.4 19124 25018.1 27962.2
30022.5 0.339316 5076.51 16013.3 11665 9955.03 60282.1 39444.4 19124 25018.1 27962.2
30022.4 0.339316 5076.51 16013.3 11665 9955.03 60282.1 39444.4 19124 25018.1 27962.2
30022.5 0.339316 5076.52 16013.3 11665 9955.04 60282.1 39444.4 19124 25018.1 27962.2
30022.4 0.339315 5076.5 16013.3 11665 9955.02 60282.1 39444.4 19124 25018.1 27962.2
30022.5 0.339316 5076.51 16013.3 11665 9955.03 60282.1 39444.4 19124 25018.1 27962.2
30022.4 0.339316 5076.51 16013.3 11665 9955.03 60282.1 39444.4 19124 25018.1 27962.2
30022.5 0.339316 5076.51 16013.3 11665 9955.04 60282.1 39444.4 19124 25018.1 27962.2
30022.4 0.339315 5076.5 16013.3 11665 9955.02 60282.1 39444.4 19124 25018.1 27962.2
30022.5 0.339316 5076.51 16013.3 11665 9955.03 60282.1 39444.4 19124 25018.1 27962.2
30022.4 0.339316 5076.51 16013.3 11665 9955.03 60282.1 39444.4 19124 25018.1 27962.2
30022.5 0.339316 5076.51 16013.3 11665 9955.04 60282.1 39444.4 19124 25018.1 27962.2
30022.4 0.339316 5076.51 16013.3 11665 9955.03 60282.1 39444.4 19124 25018.1 27962.2
30022.5 0.339316 5076.51 16013.3 11665 9955.03 60282.1 39444.4 19124 25018.1 27962.2
30022.4 0.339316 5076.51 16013.3 11665 9955.03 60282.1 39444.4 19124 25018.1 27962.2
30022.5 0.339316 5076.51 16013.3 11665 9955.04 60282.1 39444.4 19124 25018.1 27962.2
30022.4 0.339316 5076.51 16013.3 11665 9955.03 60282.1 39444.4 19124 25018.1 27962.2
30022.5 0.339316 5076.51 16013.3 11665 9955.03 60282.1 39444.4 19124 25018.1 27962.2
30022.4 0.339316 5076.51 16013.3 11665 9955.03 60282.1 39444.4 19124 25018.1 27962.2
30022.5 0.339317 5076.52 16013.3 11665 9955.05 60282.1 39444.4 19124 25018.1 27962.2
30022.4 0.339315 5076.5 16013.3 11665 9955.01 60282.1 39444.4 19124 25018.1 27962.2
30022.5 0.339316 5076.51 16013.3 11665 9955.03 60282.1 39444.4 19124 25018.1 27962.2
30022.4 0.339316 5076.51 16013.3 11665 9955.03 60282.1 39444.4 19124 25018.1 27962.2
30022.5 0.339316 5076.52 16013.3 11665 9955.05 60282.1 39444.4 19124 25018.1 27962.2
30022.4 0.339315 5076.5 16013.3 11665 9955.02 60282.1 39444.4 19124 25018.1 27962.2
30022.5 0.339316 5076.51 16013.3 11665 9955.03 60282.1 39444.4 19124 25018.1 27962.2
30022.4 0.339316 5076.51 16013.3 11665 9955.03 60282.1 39444.4 19124 25018.1 27962.2
30022.5 0.339316 5076.52 16013.3 11665 9955.05 60282.1 39444.4 19124 25018.1 27962.2
30022.4 0.339315 5076.5 16013.3 11665 9955.02 60282.1 39444.4 19124 25018.1 27962.2
30022.5 0.339316 5076.51 16013.3 11665 9955.03 60282.1 39444.4 19124 25018.1 27962.2
30022.4 0.339316 5076.51 16013.3 11665 9955.03 60282.1 39444.4 19124 25018.1 27962.2
30022.5 0.339316 5076.52 16013.3 11665 9955.05 60282.1 39444.4 19124 25018.1 27962.2
30022.4 0.339315 5076.5 16013.3 11665 9955.01 60282.1 39444.4 19124 25018.1 27962.2
30022.5 0.339316 5076.51 16013.3 11665 9955.03 60282.1 39444.4 19124 25018.1 27962.2
30022.4 0.339316 5076.51 16013.3 11665 9955.03 60282.1 39444.4 19124 25018.1 27962.2
30022.7 0.339318 5076.54 16013.4 11665.1 9955.1 60282.1 39444.4 19124 25018.1 27962.2
30022.2 0.339313 5076.47 16013.2 11664.9 9954.96 60282.1 39444.4 19124 25018.1 27962.2
30022.5 0.339316 5076.51 16013.3 11665 9955.04 60282.1 39444.4 19124 25018.1 27962.2
30022.4 0.339316 5076.51 16013.3 11665 9955.02 60282.1 39444.4 19124 25018.1 27962.2
30023.2 0.339322 5076.6 16013.6 11665.2 9955.21 60282.1 39444.4 19124 25018.1 27962.2
30021.7 0.33931 5076.42 16013 11664.8 9954.85 60282.1 39444.4 19124 25018.1 27962.2
30022.5 0.339316 5076.52 16013.3 11665 9955.05 60282.1 39444.4 19124 25018.1 27962.2
30022.4 0.339315 5076.5 16013.3 11665 9955.01 60282.1 39444.4 19124 25018.1 27962.2
30023.5 0.339327 5076.68 16013.8 11665.4 9955.36 60282.1 39444.4 19124 25018.1 27962.2
30021.4 0.339304 5076.34 16012.8 11664.6 9954.7 60282.1 39444.4 19124 25018.1 27962.2
30022.6 0.339317 5076.53 16013.4 11665 9955.06 60282.1 39444.4 19124 25018.1 27962.2
30022.3 0.339315 5076.49 16013.3 11665 9955 60282.1 39444.4 19124 25018.1 27962.2
30024.3 0.339339 5076.86 16014.4 11665.8 9955.72 60282.1 39444.4 19124 25018.1 27962.2
30020.6 0.339292 5076.16 16012.2 11664.2 9954.34 60282.1 39444.4 19124 25018.1 27962.2
30022.6 0.339318 5076.54 16013.4 11665.1 9955.1 60282.1 39444.4 19124 25018.1 27962.2
30022.3 0.339313 5076.47 16013.2 11664.9 9954.96 60282.1 39444.4 19124 25018.1 27962.2
30022.7 0.33932 5076.57 16013.5 11665.1 9955.15 60282.1 39444.4 19124 25018.1 27962.2
30022.2 0.339312 5076.45 16013.1 11664.9 9954.91 60282.1 39444.4 19124 25018.1 27962.2
30022.5 0.339316 5076.52 16013.3 11665 9955.04 60282.1 39444.4 19124 25018.1 27962.2
30022.4 0.339315 5076.5 16013.3 11665 9955.02 60282.1 39444.4 19124 25018.1 27962.2
30022.5 0.339317 5076.54 16013.4 11665.1 9955.09 60282.1 39444.4 19124 25018.1 27962.2
30022.4 0.339314 5076.48 16013.2 11664.9 9954.98 60282.1 39444.4 19124 25018.1 27962.2
30022.5 0.339316 5076.51 16013.3 11665 9955.04 60282.1 39444.4 19124 25018.1 27962.2
30022.4 0.339316 5076.51 16013.3 11665 9955.03 60282.1 39444.4 19124 25018.1 27962.2
30022.4 0.339316 5076.51 16013.3 11665 9955.03 60282.1 39444.4 19124 25018.1 27962.2
30022.4 0.339316 5076.51 16013.3 11665 9955.03 60282.1 39444.4 19124 25018.1 27962.2
30022.4 0.339316 5076.51 16013.3 11665 9955.03 60282.1 39444.4 19124 25018.1 27962.2
30022.4 0.339316 5076.51 16013.3 11665 9955.03 60282.1 39444.4 19124 25018.1 27962.2
30022.4 0.339316 5076.51 16013.3 11665 9955.03 60282.1 39444.4 19124 25018.1 27962.2
30022.4 0.339316 5076.51 16013.3 11665 9955.03 60282.1 39444.4 19124 25018.1 27962.2
30022.4 0.339316 5076.51 16013.3 11665 9955.03 60282.1 39444.4 19124 25018.1 27962.2
30022.4 0.339316 5076.51 16013.3 11665 9955.03 60282.1 39444.4 19124 25018.1 27962.2
30022.4 0.339316 5076.51 16013.3 11665 9955.03 60282.1 39444.4 19124 25018.1 27962.2
30022.4 0.339316 5076.51 16013.3 11665 9955.03 60282.1 39444.4 19124 25018.1 27962.2
30022.4 0.339316 5076.51 16013.3 11665 9955.03 60282.1 39444.4 19124 25018.1 27962.2
30022.4 0.339316 5076.51 16013.3 11665 9955.03 60282.1 39444.4 19124 25018.1 27962.2
30022.4 0.339316 5076.51 16013.3 11665 9955.03 60282.1 39444.4 19124 25018.1 27962.2
30022.4 0.339316 5076.51 16013.3 11665 9955.03 60282.1 39444.4 19124 25018.1 27962.2
30022.4 0.339316 5076.51 16013.3 11665 9955.03 60282.1 39444.4 19124 25018.1 27962.2
30022.4 0.339316 5076.51 16013.3 11665 9955.03 60282.1 39444.4 19124 25018.1 27962.2
30022.4 0.339316 5076.51 16013.3 11665 9955.03 60282.1 39444.4 19124 25018.1 27962.2
30022.4 0.339316 5076.51 16013.3 11665 9955.03 60282.1 39444.4 19124 25018.1 27962.2
30022.4 0.339316 5076.51 16013.3 11665 9955.03 60282.1 39444.4 19124 25018.1 27962.2
30022.4 0.339316 5076.51 16013.3 11665 9955.03 60282.1 39444.4 19124 25018.1 27962.2
30022.4 0.339316 5076.51 16013.3 11665 9955.03 60282.1 39444.4 19124 25018.1 27962.2
30022.4 0.339316 5076.51 16013.3 11665 9955.03 60282.1 39444.4 19124 25018.1 27962.2
30022.4 0.339316 5076.51 16013.3 11665 9955.03 60282.1 39444.4 19124 25018.1 27962.2
30022.4 0.339316 5076.51 16013.3 11665 9955.03 60282.1 39444.4 19124 25018.1 27962.2
30022.4 0.339316 5076.51 16013.3 11665 9955.03 60282.1 39444.4 19124 25018.1 27962.2
30022.4 0.339316 5076.51 16013.3 11665 9955.03 60282.1 39444.4 19124 25018.1 27962.2
30022.4 0.339316 5076.51 16013.3 11665 9955.03 60282.1 39444.4 19124 25018.1 27962.2
30022.4 0.339316 5076.51 16013.3 11665 9955.03 60282.1 39444.4 19124 25018.1 27962.2
30022.4 0.339316 5076.51 16013.3 11665 9955.03 60282.1 39444.4 19124 25018.1 27962.2
30022.4 0.339316 5076.51 16013.3 11665 9955.03 60282.1 39444.4 19124 25018.1 27962.2
30022.4 0.339316 5076.51 16013.3 11665 9955.03 60282.1 39444.4 19124 25018.1 27962.2
30022.4 0.339316 5076.51 16013.3 11665 9955.03 60282.1 39444.4 19124 25018.1 27962.2
30022.4 0.339316 5076.51 16013.3 11665 9955.03 60282.1 39444.4 19124 25018.1 27962.2
30022.4 0.339316 5076.51 16013.3 11665 9955.03 60282.1 39444.4 19124 25018.1 27962.2
30022.4 0.339316 5076.51 16013.3 11665 9955.03 60282.1 39444.4 19124 25018.1 27962.2
30022.4 0.339316 5076.51 16013.3 11665 9955.03 60282.1 39444.4 19124 25018.1 27962.2
30022.4 0.339316 5076.51 16013.3 11665 9955.03 60282.1 39444.4 19124 25018.1 27962.2
30022.4 0.339316 5076.51 16013.3 11665 9955.03 60282.1 39444.4 19124 25018.1 27962.2
30022.4 0.339316 5076.51 16013.3 11665 9955.03 60282.1 39444.4 19124 25018.1 27962.2
30022.4 0.339316 5076.51 16013.3 11665 9955.03 60282.1 39444.4 19124 25018.1 27962.2
30022.4 0.339316 5076.51 16013.3 11665 9955.03 60282.1 39444.4 19124 25018.1 27962.2
30022.4 0.339316 5076.51 16013.3 11665 9955.03 60282.1 39444.4 19124 25018.1 27962.2
30022.4 0.339316 5076.51 16013.3 11665 9955.03 60282.1 39444.4 19124 25018.1 27962.2
30022.4 0.339316 5076.51 16013.3 11665 9955.03 60282.1 39444.4 19124 25018.1 27962.2
30022.4 0.339316 5076.51 16013.3 11665 9955.03 60282.1 39444.4 19124 25018.1 27962.2
30022.4 0.339316 5076.51 16013.3 11665 9955.03 60282.1 39444.4 19124 25018.1 27962.2
30022.4 0.339316 5076.51 16013.3 11665 9955.03 60282.1 39444.4 19124 25018.1 27962.2
30022.4 0.339316 5076.51 16013.3 11665 9955.03 60282.1 39444.4 19124 25018.1 27962.2
30022.4 0.339316 5076.51 16013.3 11665 9955.03 60282.1 39444.4 19124 25018.1 27962.2
30022.4 0.339316 5076.51 16013.3 11665 9955.03 60282.1 39444.4 19124 25018.1 27962.2
30022.4 0.339316 5076.51 16013.3 11665 9955.03 60282.1 39444.4 19124 25018.1 27962.2
30022.4 0.339316 5076.51 16013.3 11665 9955.03 60282.1 39444.4 19124 25018.1 27962.2
30022.4 0.339316 5076.51 16013.3 11665 9955.03 60282.1 39444.4 19124 25018.1 27962.2
30022.4 0.339316 5076.51 16013.3 11665 9955.03 60282.1 39444.4 19124 25018.1 27962.2
30022.4 0.339316 5076.51 16013.3 11665 9955.03 60282.1 39444.4 19124 25018.1 27962.2
30022.4 0.339316 5076.51 16013.3 11665 9955.03 60282.1 39444.4 19124 25018.1 27962.2
30022.4 0.339316 5076.51 16013.3 11665 9955.03 60282.1 39444.4 19124 25018.1 27962.2
30022.4 0.339316 5076.51 16013.3 11665 9955.03 60282.1 39444.4 19124 25018.1 27962.2
30022.4 0.339316 5076.51 16013.3 11665 9955.03 60282.1 39444.4 19124 25018.1 27962.2
30022.4 0.339316 5076.51 16013.3 11665 9955.03 60282.1 39444.4 19124 25018.1 27962.2
30022.4 0.339316 5076.51 16013.3 11665 9955.03 60282.1 39444.4 19124 25018.1 27962.2
30022.4 0.339316 5076.51 16013.3 11665 9955.03 60282.1 39444.4 19124 25018.1 27962.2
30022.4 0.339316 5076.51 16013.3 11665 9955.03 60282.1 39444.4 19124 25018.1 27962.2
30022.4 0.339316 5076.51 16013.3 11665 9955.03 60282.1 39444.4 19124 25018.1 27962.2
30022.4 0.339316 5076.51 16013.3 11665 9955.03 60282.1 39444.4 19124 25018.1 27962.2
30022.4 0.339316 5076.51 16013.3 11665 9955.03 60282.1 39444.4 19124 25018.1 27962.2
30022.4 0.339316 5076.51 16013.3 11665 9955.03 60282.1 39444.4 19124 25018.1 27962.2
30022.4 0.339316 5076.51 16013.3 11665 9955.03 60282.1 39444.4 19124 25018.1 27962.2
30022.4 0.339316 5076.51 16013.3 11665 9955.03 60282.1 39444.4 19124 25018.1 27962.2
30022.4 0.339316 5076.51 16013.3 11665 9955.03 60282.1 39444.4 19124 25018.1 27962.2
30022.4 0.339316 5076.51 16013.3 11665 9955.03 60282.1 39444.4 19124 25018.1 27962.2
30022.4 0.339316 5076.51 16013.3 11665 9955.03 60282.1 39444.4 19124 25018.1 27962.2
30022.4 0.339316 5076.51 16013.3 11665 9955.03 60282.1 39444.4 19124 25018.1 27962.2
30022.4 0.339316 5076.51 16013.3 11665 9955.03 60282.1 39444.4 19124 25018.1 27962.2
30022.4 0.339316 5076.51 16013.3 11665 9955.03 60282.1 39444.4 19124 25018.1 27962.2
30022.4 0.339316 5076.51 16013.3 11665 9955.03 60282.1 39444.4 19124 25018.1 27962.2
30022.4 0.339316 5076.51 16013.3 11665 9955.03 60282.1 39444.4 19124 25018.1 27962.2
30022.4 0.339316 5076.51 16013.3 11665 9955.03 60282.1 39444.4 19124 25018.1 27962.2
30022.4 0.339316 5076.51 16013.3 11665 9955.03 60282.1 39444.4 19124 25018.1 27962.2
30022.4 0.339316 5076.51 16013.3 11665 9955.03 60282.1 39444.4 19124 25018.1 27962.2
30022.4 0.339316 5076.51 16013.3 11665 9955.03 60282.1 39444.4 19124 25018.1 27962.2
30022.4 0.339316 5076.51 16013.3 11665 9955.03 60282.1 39444.4 19124 25018.1 27962.2
30022.4 0.339316 5076.51 16013.3 11665 9955.03 60282.1 39444.4 19124 25018.1 27962.2
30022.4 0.339316 5076.51 16013.3 11665 9955.03 60282.1 39444.4 19124 25018.1 27962.2
30022.4 0.339316 5076.51 16013.3 11665 9955.03 60282.1 39444.4 19124 25018.1 27962.2
30022.4 0.339316 5076.51 16013.3 11665 9955.03 60282.1 39444.4 19124 25018.1 27962.2
30022.4 0.339316 5076.51 16013.3 11665 9955.03 60282.1 39444.4 19124 25018.1 27962.2
30022.4 0.339316 5076.51 16013.3 11665 9955.03 60282.1 39444.4 19124 25018.1 27962.2
30022.4 0.339316 5076.51 16013.3 11665 9955.03 60282.1 39444.4 19124 25018.1 27962.2
30022.4 0.339316 5076.51 16013.3 11665 9955.03 60282.1 39444.4 19124 25018.1 27962.2
30022.4 0.339316 5076.51 16013.3 11665 9955.03 60282.1 39444.4 19124 25018.1 27962.2
30022.4 0.339316 5076.51 16013.3 11665 9955.03 60282.1 39444.4 19124 25018.1 27962.2
30022.4 0.339316 5076.51 16013.3 11665 9955.03 60282.1 39444.4 19124 25018.1 27962.2
30022.4 0.339316 5076.51 16013.3 11665 9955.03 60282.1 39444.4 19124 25018.1 27962.2
30022.4 0.339316 5076.51 16013.3 11665 9955.03 60282.1 39444.4 19124 25018.1 27962.2
30022.4 0.339316 5076.51 16013.3 11665 9955.03 60282.1 39444.4 19124 25018.1 27962.2
30022.4 0.339316 5076.51 16013.3 11665 9955.03 60282.1 39444.4 19124 25018.1 27962.2
30022.4 0.339316 5076.51 16013.3 11665 9955.03 60282.1 39444.4 19124 25018.1 27962.2
30022.4 0.339316 5076.51 16013.3 11665 9955.03 60282.1 39444.4 19124 25018.1 27962.2
30022.4 0.339316 5076.51 16013.3 11665 9955.03 60282.1 39444.4 19124 25018.1 27962.2
30022.4 0.339316 5076.51 16013.3 11665 9955.03 60282.1 39444.4 19124 25018.1 27962.2
30022.4 0.339316 5076.51 16013.3 11665 9955.03 60282.1 39444.4 19124 25018.1 27962.2
30022.4 0.339316 5076.51 16013.3 11665 9955.03 60282.1 39444.4 19124 25018.1 27962.2
30022.4 0.339316 5076.51 16013.3 11665 9955.03 60282.1 39444.4 19124 25018.1 27962.2
30022.4 0.339316 5076.51 16013.3 11665 9955.03 60282.1 39444.4 19124 25018.1 27962.2
30022.4 0.339316 5076.51 16013.3 11665 9955.03 60282.1 39444.4 19124 25018.1 27962.2
30022.4 0.339316 5076.51 16013.3 11665 9955.03 60282.1 39444.4 19124 25018.1 27962.2
30022.4 0.339316 5076.51 16013.3 11665 9955.03 60282.1 39444.4 19124 25018.1 27962.2
30022.4 0.339316 5076.51 16013.3 11665 9955.03 60282.1 39444.4 19124 25018.1 27962.2
30022.4 0.339316 5076.51 16013.3 11665 9955.03 60282.1 39444.4 19124 25018.1 27962.2
30022.4 0.339316 5076.51 16013.3 11665 9955.03 60282.1 39444.4 19124 25018.1 27962.2
30022.4 0.339316 5076.51 16013.3 11665 9955.03 60282.1 39444.4 19124 25018.1 27962.2
30022.4 0.339316 5076.51 16013.3 11665 9955.03 60282.1 39444.4 19124 25018.1 27962.2
30022.4 0.339316 5076.51 16013.3 11665 9955.03 60282.1 39444.4 19124 25018.1 27962.2
30022.4 0.339316 5076.51 16013.3 11665 9955.03 60282.1 39444.4 19124 25018.1 27962.2
30022.4 0.339316 5076.51 16013.3 11665 9955.03 60282.1 39444.4 19124 25018.1 27962.2
30022.4 0.339316 5076.51 16013.3 11665 9955.03 60282.1 39444.4 19124 25018.1 27962.2
30022.4 0.339316 5076.51 16013.3 11665 9955.03 60282.1 39444.4 19124 25018.1 27962.2
30022.4 0.339316 5076.51 16013.3 11665 9955.03 60282.1 39444.4 19124 25018.1 27962.2
30022.4 0.339316 5076.51 16013.3 11665 9955.03 60282.1 39444.4 19124 25018.1 27962.2
30022.4 0.339316 5076.51 16013.3 11665 9955.03 60282.1 39444.4 19124 25018.1 27962.2
30022.4 0.339316 5076.51 16013.3 11665 9955.03 60282.1 39444.4 19124 25018.1 27962.2
30022.4 0.339316 5076.51 16013.3 11665 9955.03 60282.1 39444.4 19124 25018.1 27962.2
30022.4 0.339316 5076.51 16013.3 11665 9955.03 60282.1 39444.4 19124 25018.1 27962.2
30022.4 0.339316 5076.51 16013.3 11665 9955.03 60282.1 39444.4 19124 25018.1 27962.2
30022.4 0.339316 5076.51 16013.3 11665 9955.03 60282.1 39444.4 19124 25018.1 27962.2
30022.4 0.339316 5076.51 16013.3 11665 9955.03 60282.1 39444.4 19124 25018.1 27962.2
30022.4 0.339316 5076.51 16013.3 11665 9955.03 60282.1 39444.4 19124 25018.1 27962.2
30022.4 0.339316 5076.51 16013.3 11665 9955.03 60282.1 39444.4 19124 25018.1 27962.2
30022.4 0.339316 5076.51 16013.3 11665 9955.03 60282.1 39444.4 19124 25018.1 27962.2
30022.4 0.339316 5076.51 16013.3 11665 9955.03 60282.1 39444.4 19124 25018.1 27962.2
30022.4 0.339316 5076.51 16013.3 11665 9955.03 60282.1 39444.4 19124 25018.1 27962.2
30022.4 0.339316 5076.51 16013.3 11665 9955.03 60282.1 39444.4 19124 25018.1 27962.2
30022.4 0.339316 5076.51 16013.3 11665 9955.03 60282.1 39444.4 19124 25018.1 27962.2
30022.4 0.339316 5076.51 16013.3 11665 9955.03 60282.1 39444.4 19124 25018.1 27962.2
30022.4 0.339316 5076.51 16013.3 11665 9955.03 60282.1 39444.4 19124 25018.1 27962.2
30022.4 0.339316 5076.51 16013.3 11665 9955.03 60282.1 39444.4 19124 25018.1 27962.2
30022.4 0.339316 5076.51 16013.3 11665 9955.03 60282.1 39444.4 19124 25018.1 27962.2
30022.4 0.339316 5076.51 16013.3 11665 9955.03 60282.1 39444.4 19124 25018.1 27962.2
30022.4 0.339316 5076.51 16013.3 11665 9955.03 60282.1 39444.4 19124 25018.1 27962.2
30022.4 0.339316 5076.51 16013.3 11665 9955.03 60282.1 39444.4 19124 25018.1 27962.2
30022.4 0.339316 5076.51 16013.3 11665 9955.03 60282.1 39444.4 19124 25018.1 27962.2
30022.4 0.339316 5076.51 16013.3 11665 9955.03 60282.1 39444.4 19124 25018.1 27962.2
30022.4 0.339316 5076.51 16013.3 11665 9955.03 60282.1 39444.4 19124 25018.1 27962.2
30022.4 0.339316 5076.51 16013.3 11665 9955.03 60282.1 39444.4 19124 25018.1 27962.2
30022.4 0.339316 5076.51 16013.3 11665 9955.03 60282.1 39444.4 19124 25018.1 27962.2
30022.4 0.339316 5076.51 16013.3 11665 9955.03 60282.1 39444.4 19124 25018.1 27962.2
30022.4 0.339316 5076.51 16013.3 11665 9955.03 60282.1 39444.4 19124 25018.1 27962.2
30022.4 0.339316 5076.51 16013.3 11665 9955.03 60282.1 39444.4 19124 25018.1 27962.2
30022.4 0.339316 5076.51 16013.3 11665 9955.03 60282.1 39444.4 19124 25018.1 27962.2
30022.4 0.339316 5076.51 16013.3 11665 9955.03 60282.1 39444.4 19124 25018.1 27962.2
30022.4 0.339316 5076.51 16013.3 11665 9955.03 60282.1 39444.4 19124 25018.1 27962.2
30022.4 0.339316 5076.51 16013.3 11665 9955.03 60282.1 39444.4 19124 25018.1 27962.2
30022.4 0.339316 5076.51 16013.3 11665 9955.03 60282.1 39444.4 19124 25018.1 27962.2
30022.4 0.339316 5076.51 16013.3 11665 9955.03 60282.1 39444.4 19124 25018.1 27962.2
30022.4 0.339316 5076.51 16013.3 11665 9955.03 60282.1 39444.4 19124 25018.1 27962.2
30022.4 0.339316 5076.51 16013.3 11665 9955.03 60282.1 39444.4 19124 25018.1 27962.2
30022.4 0.339316 5076.51 16013.3 11665 9955.03 60282.1 39444.4 19124 25018.1 27962.2
30022.4 0.339316 5076.51 16013.3 11665 9955.03 60282.1 39444.4 19124 25018.1 27962.2
30022.4 0.339316 5076.51 16013.3 11665 9955.03 60282.1 39444.4 19124 25018.1 27962.2
30022.4 0.339316 5076.51 16013.3 11665 9955.03 60282.1 39444.4 19124 25018.1 27962.2
30022.4 0.339316 5076.51 16013.3 11665 9955.03 60282.1 39444.4 19124 25018.1 27962.2
30022.4 0.339316 5076.51 16013.3 11665 9955.03 60282.1 39444.4 19124 25018.1 27962.2
30022.4 0.339316 5076.51 16013.3 11665 9955.03 60282.1 39444.4 19124 25018.1 27962.2
30022.4 0.339316 5076.51 16013.3 11665 9955.03 60282.1 39444.4 19124 25018.1 27962.2
30022.5 0.339316 5076.51 16013.3 11665 9955.03 60282.1 39444.4 19124 25018.1 27962.2
30022.4 0.339316 5076.51 16013.3 11665 9955.03 60282.1 39444.4 19124 25018.1 27962.2
30022.4 0.339316 5076.51 16013.3 11665 9955.03 60282.1 39444.4 19124 25018.1 27962.2
30022.4 0.339316 5076.51 16013.3 11665 9955.03 60282.1 39444.4 19124 25018.1 27962.2
30022.5 0.339316 5076.51 16013.3 11665 9955.03 60282.1 39444.4 19124 25018.1 27962.2
30022.4 0.339316 5076.51 16013.3 11665 9955.03 60282.1 39444.4 19124 25018.1 27962.2
30022.4 0.339316 5076.51 16013.3 11665 9955.03 60282.1 39444.4 19124 25018.1 27962.2
30022.4 0.339316 5076.51 16013.3 11665 9955.03 60282.1 39444.4 19124 25018.1 27962.2
30022.5 0.339316 5076.51 16013.3 11665 9955.03 60282.1 39444.4 19124 25018.1 27962.2
30022.4 0.339316 5076.51 16013.3 11665 9955.03 60282.1 39444.4 19124 25018.1 27962.2
30022.4 0.339316 5076.51 16013.3 11665 9955.03 60282.1 39444.4 19124 25018.1 27962.2
30022.4 0.339316 5076.51 16013.3 11665 9955.03 60282.1 39444.4 19124 25018.1 27962.2
30022.5 0.339316 5076.51 16013.3 11665 9955.04 60282.1 39444.4 19124 25018.1 27962.2
30022.4 0.339316 5076.51 16013.3 11665 9955.03 60282.1 39444.4 19124 25018.1 27962.2
30022.5 0.339316 5076.51 16013.3 11665 9955.03 60282.1 39444.4 19124 25018.1 27962.2
30022.4 0.339316 5076.51 16013.3 11665 9955.02 60282.1 39444.4 19124 25018.1 27962.2
30022.5 0.339316 5076.51 16013.3 11665 9955.04 60282.1 39444.4 19124 25018.1 27962.2
30022.4 0.339316 5076.51 16013.3 11665 9955.03 60282.1 39444.4 19124 25018.1 27962.2
30022.5 0.339316 5076.51 16013.3 11665 9955.03 60282.1 39444.4 19124 25018.1 27962.2
30022.4 0.339315 5076.5 16013.3 11665 9955.02 60282.1 39444.4 19124 25018.1 27962.2
30022.5 0.339316 5076.52 16013.3 11665 9955.04 60282.1 39444.4 19124 25018.1 27962.2
30022.4 0.339316 5076.51 16013.3 11665 9955.03 60282.1 39444.4 19124 25018.1 27962.2
30022.5 0.339316 5076.51 16013.3 11665 9955.03 60282.1 39444.4 19124 25018.1 27962.2
30022.4 0.339315 5076.5 16013.3 11665 9955.02 60282.1 39444.4 19124 25018.1 27962.2
30022.5 0.339316 5076.52 16013.3 11665 9955.05 60282.1 39444.4 19124 25018.1 27962.2
30022.4 0.339316 5076.51 16013.3 11665 9955.03 60282.1 39444.4 19124 25018.1 27962.2
30022.5 0.339316 5076.51 16013.3 11665 9955.03 60282.1 39444.4 19124 25018.1 27962.2
30022.3 0.339315 5076.5 16013.3 11665 9955.01 60282.1 39444.4 19124 25018.1 27962.2
30022.6 0.339317 5076.52 16013.4 11665 9955.06 60282.1 39444.4 19124 25018.1 27962.2
30022.4 0.339316 5076.51 16013.3 11665 9955.03 60282.1 39444.4 19124 25018.1 27962.2
30022.5 0.339316 5076.51 16013.3 11665 9955.03 60282.1 39444.4 19124 25018.1 27962.2
30022.2 0.339314 5076.48 16013.2 11664.9 9954.98 60282.1 39444.4 19124 25018.1 27962.2
30022.7 0.339318 5076.54 16013.4 11665.1 9955.08 60282.1 39444.4 19124 25018.1 27962.2
30022.4 0.339316 5076.51 16013.3 11665 9955.03 60282.1 39444.4 19124 25018.1 27962.2
30022.5 0.339316 5076.51 16013.3 11665 9955.04 60282.1 39444.4 19124 25018.1 27962.2
30022.1 0.339312 5076.45 16013.1 11664.9 9954.92 60282.1 39444.4 19124 25018.1 27962.2
30022.8 0.33932 5076.56 16013.5 11665.1 9955.14 60282.1 39444.4 19124 25018.1 27962.2
30022.4 0.339315 5076.5 16013.3 11665 9955.02 60282.1 39444.4 19124 25018.1 27962.2
30022.5 0.339316 5076.51 16013.3 11665 9955.04 60282.1 39444.4 19124 25018.1 27962.2
30022.2 0.339311 5076.44 16013.1 11664.8 9954.9 60282.1 39444.4 19124 25018.1 27962.2
30022.7 0.33932 5076.58 16013.5 11665.2 9955.17 60282.1 39444.4 19124 25018.1 27962.2
30022.4 0.339315 5076.5 16013.3 11665 9955.02 60282.1 39444.4 19124 25018.1 27962.2
30022.5 0.339316 5076.52 16013.3 11665 9955.05 60282.1 39444.4 19124 25018.1 27962.2
30022.7 0.339316 5076.51 16013.3 11665 9955.03 60282.1 39444.4 19124 25018.1 27962.2
30022.1 0.339316 5076.51 16013.3 11665 9955.03 60282.1 39444.4 19124 25018.1 27962.2
30022.5 0.339316 5076.51 16013.3 11665 9955.03 60282.1 39444.4 19124 25018.1 27962.2
30022.4 0.339316 5076.51 16013.3 11665 9955.03 60282.1 39444.4 19124 25018.1 27962.2
30022.4 0.339316 5076.51 16013.3 11665 9955.03 60282.1 39444.4 19124 25018.1 27962.2
30022.4 0.339316 5076.51 16013.3 11665 9955.03 60282.1 39444.4 19124 25018.1 27962.2
30022.4 0.339316 5076.51 16013.3 11665 9955.03 60282.1 39444.4 19124 25018.1 27962.2
30022.4 0.339316 5076.51 16013.3 11665 9955.03 60282.1 39444.4 19124 25018.1 27962.2
30022.7 0.339316 5076.51 16013.3 11665 9955.03 60282.1 39444.4 19124 25018.1 27962.2
30022.1 0.339316 5076.51 16013.3 11665 9955.03 60282.1 39444.4 19124 25018.1 27962.2
30022.5 0.339316 5076.51 16013.3 11665 9955.03 60282.1 39444.4 19124 25018.1 27962.2
30022.4 0.339316 5076.51 16013.3 11665 9955.03 60282.1 39444.4 19124 25018.1 27962.2
30022.5 0.339316 5076.51 16013.3 11665 9955.04 60282.2 39444.5 19124 25018.1 27962.2
30022.4 0.339316 5076.51 16013.3 11665 9955.03 60282.1 39444.4 19123.9 25018 27962.1
30022.5 0.339316 5076.51 16013.3 11665 9955.03 60282.1 39444.4 19124 25018.1 27962.2
30022.4 0.339316 5076.51 16013.3 11665 9955.03 60282.1 39444.4 19124 25018.1 27962.2
30022.4 0.339316 5076.51 16013.3 11665 9955.03 60282.1 39444.4 19124 25018.1 27962.2
30022.4 0.339316 5076.51 16013.3 11665 9955.03 60282.1 39444.4 19124 25018.1 27962.2
30022.4 0.339316 5076.51 16013.3 11665 9955.03 60282.1 39444.4 19124 25018.1 27962.2
30022.4 0.339316 5076.51 16013.3 11665 9955.03 60282.1 39444.4 19124 25018.1 27962.2
30022.4 0.339316 5076.51 16013.3 11665 9955.03 60282.1 39444.4 19124 25018.1 27962.2
