BDIR CTP1 CTP2 CTP3 CTP4 CTP5 BDp1_fin BDp2_fin BDp3_fin BDp4_fin BDp5_fin
25960 0.751516 4046.8 3290.35 3950.12 5632.21 39149.4 16014.3 18182.3 16267.1 12606.8
25953.6 0.751516 4046.8 3290.35 3950.12 5632.21 39149.4 16014.3 18182.3 16267.1 12606.8
25889.5 0.751516 4046.8 3290.35 3950.12 5632.21 39149.4 16014.3 18182.3 16267.1 12606.8
25257.4 0.751516 4046.8 3290.35 3950.12 5632.21 39149.4 16014.3 18182.3 16267.1 12606.8
24693.4 0.765538 4120.37 3350.53 4021.99 5733.11 39247.8 16142.2 18311.3 16395.2 12729.9
24955.6 0.782754 4212.23 3425.4 4111.69 5860.12 39285 16235.1 18403.2 16488 12821.2
25346.8 0.83137 4466.8 3633.64 4360.37 6209.36 39360 16006.3 18194.1 16261.3 12568.6
25087.9 0.799174 4298.27 3495.77 4195.74 5978.2 39310.7 16156.3 18331.2 16410 12734.1
25354.3 0.814056 4378.29 3560.87 4273.85 6089.3 39335.8 16185.6 18361.9 16439.5 12760
25730.7 0.839659 4515.83 3672.78 4408.12 6280.36 39338.7 16166.1 18345.4 16420.3 12735.6
25895.5 0.849509 4568.38 3715.59 4459.42 6353.18 39359.8 16164.1 18345.6 16418.6 12730
26361.6 0.871214 4682.44 3808.81 4570.84 6510.04 39384.8 16153.9 18338.4 16408.7 12715.4
27057.3 0.897856 4821.81 3922.83 4706.99 6701.2 39426.1 16167.8 18354.7 16422.9 12725.4
27742.7 0.922007 4948.63 4026.5 4830.86 6875.43 39469 16173.6 18363.1 16429 12728
28099.5 0.930426 4994.72 4063.85 4875.83 6940.09 39517.2 16187.8 18379.3 16443.4 12739.7
28315 0.93084 4999.09 4067.03 4880.04 6947.74 39568.6 16198.1 18391.7 16454 12748
28209.2 0.917178 4927.06 4008.16 4809.68 6848.86 39627.4 16197.2 18393.6 16453.3 12744.4
27874.4 0.896404 4814.24 3916.54 4699.57 6691.54 39679.2 16191.2 18390.2 16447.5 12736.1
27202.8 0.866121 4647.15 3781.34 4536.58 6456.53 39725.6 16129.9 18333.8 16386.8 12670.9
27566.9 0.882554 4737.76 3854.66 4624.96 6583.93 39700.3 16163.3 18364.5 16419.9 12706.4
27105.2 0.865387 4643.16 3778.12 4532.68 6450.74 39726 16118.4 18323.3 16375.4 12658.3
27386.2 0.875843 4700.76 3824.74 4588.88 6531.83 39710.3 16145.8 18348.4 16402.5 12687.7
27159.3 0.867058 4652.66 3785.78 4541.95 6464.18 39716.4 16144.9 18347.8 16401.7 12686.8
27049 0.861917 4623 3762.03 4513.05 6421.36 39719.9 16152.2 18354.7 16408.9 12694.7
27010.7 0.860212 4612.22 3753.55 4502.58 6405.22 39726.6 16147.6 18350.7 16404.4 12689.4
26938.8 0.856173 4589.88 3735.48 4480.78 6373.72 39726.3 16153.5 18356.2 16410.2 12695.8
26909.5 0.853295 4574.7 3723.08 4465.96 6352.83 39728.8 16162.7 18365 16419.4 12705.5
27016.7 0.855868 4589.64 3735.04 4480.51 6374.37 39725.8 16159.9 18361.9 16416.5 12703.2
27177.2 0.859609 4611.12 3752.28 4501.45 6405.19 39722.6 16166.1 18367.3 16422.6 12710.5
27319.9 0.86185 4624.53 3762.95 4514.5 6424.82 39715.3 16180.8 18380.3 16437.2 12727.4
27389.3 0.86121 4622.23 3760.86 4512.22 6422.54 39704.7 16190.4 18388.5 16446.7 12739.2
27444.9 0.858801 4611.01 3751.43 4501.22 6408.14 39682.9 16214.5 18409.5 16470.3 12766.9
27559.3 0.858887 4612.94 3752.77 4503.07 6411.7 39660.7 16239.2 18431.4 16494.8 12794.7
27628.8 0.855965 4599 3741.15 4489.42 6393.36 39617.3 16262.9 18451.5 16518.1 12822.5
27551.3 0.845425 4545.14 3696.87 4436.76 6320.27 39566.6 16304.7 18488.6 16559.5 12868.8
27323.7 0.830058 4466.17 3632 4359.58 6213.03 39497.3 16316.2 18496 16570.5 12884
27326.2 0.824355 4438.89 3609.23 4332.85 6177.38 39449.3 16326.6 18503.7 16580.6 12896.9
27403.1 0.821993 4429.26 3600.87 4323.37 6166.03 39400.1 16338.8 18512.6 16592.5 12912.8
27457.7 0.818986 4416.01 3589.6 4310.36 6149.58 39340.8 16349.3 18518.8 16602.5 12928.2
27491.4 0.814596 4394.89 3572 4289.68 6121.9 39261.2 16357.5 18521.4 16610.1 12943.4
27524.2 0.811748 4379.84 3559.72 4274.98 6101.07 39165.8 16342.4 18500.4 16594.4 12936.6
27523.3 0.81032 4371.89 3553.32 4267.23 6089.74 39105.4 16325.9 18480.3 16577.4 12925.4
27503.1 0.808561 4362.06 3545.4 4257.65 6075.72 39039 16304.2 18454.7 16555.3 12909.4
27481.8 0.806793 4352.54 3537.66 4248.36 6062.43 38995.3 16294.7 18442.5 16545.5 12903.9
27452.5 0.803904 4337.65 3525.44 4233.8 6042.17 38937.5 16284.8 18428.8 16535.1 12899.4
27432 0.801225 4324.45 3514.49 4220.89 6024.66 38892.5 16277.3 18418.4 16527.3 12896
27405.8 0.797624 4306.8 3499.84 4203.61 6001.34 38833.5 16263.1 18400.7 16512.7 12886.9
27375.8 0.793475 4285.84 3482.55 4183.11 5973.13 38750.6 16243.5 18376.1 16492.5 12874.3
27366.6 0.7918 4276.89 3475.27 4174.37 5960.69 38681.7 16228 18356.3 16476.5 12865.2
27363.2 0.79115 4272.78 3472.04 4170.38 5954.46 38594.6 16201.4 18324.5 16449.4 12846.6
27349.1 0.790188 4266.87 3467.37 4164.63 5945.69 38516 16176.1 18294.2 16423.5 12828.9
27312.5 0.78811 4255.36 3458.07 4153.41 5929.43 38442.3 16146.8 18260.5 16393.7 12806.8
27267 0.784891 4238.53 3444.29 4136.96 5906.37 38349.7 16110.1 18218.4 16356.3 12778.7
27208.1 0.780442 4215.89 3425.65 4114.83 5875.82 38258.6 16079.6 18182.4 16325.2 12756.5
27120.7 0.775203 4189.14 3403.64 4088.67 5839.66 38169.2 16050 18147.9 16295.1 12734.3
27038.3 0.769985 4162.38 3381.65 4062.52 5803.37 38076.3 16028.3 18120.8 16272.7 12720.2
27006.6 0.767869 4151.42 3372.67 4051.81 5788.29 38001 16014.3 18102.3 16258.2 12712.5
26979.5 0.766827 4145.31 3367.82 4045.87 5779.3 37937.7 16004.5 18088.7 16247.9 12707.7
26932.7 0.76581 4139.17 3362.95 4039.9 5770.23 37899.5 15995.3 18077.3 16238.5 12701.6
26900.7 0.765741 4138.4 3362.4 4039.16 5768.85 37873.5 15984.8 18065.3 16227.8 12693.4
26886.3 0.76677 4143.74 3366.77 4044.37 5776.12 37852 15972.9 18052.1 16215.8 12684.1
26823.5 0.767133 4145.12 3367.99 4045.73 5777.72 37818.9 15952.2 18029 16194.8 12667.9
26695.8 0.768167 4149.41 3371.67 4049.95 5782.97 37775.1 15909.8 17983.7 16152 12631.8
26494.4 0.771469 4165.02 3384.72 4065.24 5803.38 37716.6 15841.4 17911.6 16083.1 12572.2
26232.3 0.780836 4209.82 3422.11 4109.13 5861.9 37650.5 15748.5 17815.1 15989.7 12489.1
25971.9 0.788623 4245.25 3452.04 4143.88 5906.67 37616.6 15682.9 17748.6 15923.9 12427.5
25550.9 0.794916 4273.58 3476.04 4171.69 5942.23 37612 15627.5 17694.5 15868.6 12372.5
25277 0.802166 4312.86 3507.94 4210.02 5997.1 37656 15599.6 17672 15841.4 12337.5
25052.6 0.803027 4320.11 3513.37 4217.03 6009.11 37709 15620.3 17696.5 15862.5 12351.7
24622 0.799743 4306.75 3501.73 4203.87 5993.72 37814.6 15676.4 17759.2 15919.4 12396
24372.3 0.802604 4324.93 3516.05 4221.54 6020.74 37946 15752.8 17843.5 15996.8 12458.2
24295.6 0.804159 4333.8 3523.2 4230.19 6033.32 37996.5 15785 17878.7 16029.3 12484.7
24120.1 0.804919 4338.31 3526.8 4234.58 6039.74 38094.6 15846.1 17946.1 16091.2 12534.3
23868.6 0.805311 4342.63 3529.96 4238.74 6047.15 38262.4 15951 18061.3 16197.3 12619.9
23946.8 0.819579 4423.71 3595.19 4317.77 6162.58 38490.8 16080.7 18204.6 16328.7 12725.5
23797.4 0.823342 4445.84 3612.84 4339.32 6194.85 38686.4 16180.9 18314.4 16430 12810.2
23875.9 0.821351 4434.13 3603.5 4327.92 6177.77 38583.1 16127.9 18256.4 16376.5 12765.4
23775.7 0.823157 4442.75 3610.66 4336.36 6189.28 38686 16158.4 18291.6 16407.5 12789.7
23822.2 0.830565 4482.09 3642.74 4374.77 6243.73 38787.3 16181.3 18319.3 16430.9 12806.5
23819.4 0.835147 4505.09 3661.72 4397.27 6274.67 38875.8 16205.6 18347.8 16455.7 12825.5
23775.1 0.837756 4517.71 3672.21 4409.62 6291.34 38967.1 16230.1 18377.5 16480.8 12842.4
23780.5 0.838586 4522.14 3675.82 4413.95 6297.46 38984 16235 18383.5 16485.8 12845.7
23760.3 0.838502 4521.44 3675.3 4413.27 6296.32 39013.8 16244.5 18394.7 16495.5 12852.7
23679.1 0.836201 4508.72 3665 4400.86 6278.43 39052.3 16251 18403.6 16502.2 12855.8
23666.1 0.83592 4507.15 3663.74 4399.33 6276.23 39059 16250.7 18403.8 16502 12854.8
23640.9 0.835438 4504.29 3661.46 4396.55 6272.06 39069.7 16249 18403 16500.4 12852
23617.6 0.835006 4501.63 3659.35 4393.95 6268.11 39076.2 16246.1 18400.7 16497.6 12848.4
23592.9 0.834561 4498.8 3657.13 4391.21 6263.88 39087.1 16244.8 18400.2 16496.3 12845.9
23584.9 0.834379 4497.74 3656.28 4390.17 6262.32 39101.7 16250.5 18406.9 16502.2 12850.1
23582.6 0.833783 4494.98 3653.96 4387.47 6258.78 39113.2 16261.3 18418.4 16513.1 12859.5
23583.6 0.832856 4490.91 3650.5 4383.48 6253.75 39126.5 16277.8 18435.5 16529.6 12874.1
23596.3 0.832006 4487.57 3647.57 4380.18 6249.92 39142.1 16300.1 18458.5 16552.1 12894.7
23597.5 0.831335 4484.55 3645.01 4377.21 6246.11 39153.6 16316 18474.5 16568 12909.8
23601.6 0.831356 4484.73 3645.14 4377.38 6246.4 39162 16324.5 18483.2 16576.5 12918.1
23610.9 0.831801 4487.08 3647.07 4379.69 6249.66 39162.4 16326.1 18484.6 16578.1 12919.8
23630.4 0.832594 4491.38 3650.55 4383.88 6255.65 39160.7 16328.2 18486.4 16580.2 12922.5
23644.2 0.833195 4494.72 3653.25 4387.14 6260.37 39155.4 16328.2 18486 16580.1 12923.1
23637.9 0.833086 4494.11 3652.76 4386.54 6259.51 39147.6 16324.3 18481.6 16576.1 12919.9
23631.9 0.833042 4493.75 3652.49 4386.19 6258.92 39136 16318.9 18475.5 16570.6 12915.7
23609.4 0.832745 4491.77 3650.94 4384.27 6255.89 39116.2 16307.8 18463.4 16559.5 12906.4
23590.2 0.833553 4495.48 3654.07 4387.91 6260.61 39084.1 16283.1 18437.3 16534.5 12884.2
23525.7 0.833326 4492.9 3652.19 4385.42 6256.24 39056.4 16245.5 18398.8 16496.8 12849.3
23562.3 0.833453 4494.35 3653.25 4386.82 6258.7 39072.1 16266.9 18420.7 16518.3 12869.1
23585.8 0.835625 4505.62 3662.49 4397.84 6274.13 39066 16252.4 18406.1 16503.8 12855.7
23574.2 0.836337 4508.83 3665.19 4400.99 6278.25 39067.1 16243.1 18396.8 16494.5 12846.9
23592.2 0.837653 4515.65 3670.78 4407.64 6287.55 39072.1 16241 18394.9 16492.4 12844.8
23591.6 0.837714 4515.98 3671.05 4407.97 6288.02 39080.1 16244.8 18399.1 16496.2 12847.9
23580.9 0.83727 4513.83 3669.26 4405.86 6285.18 39095.5 16255.5 18410.7 16507 12856.9
23578.1 0.837019 4512.66 3668.28 4404.72 6283.67 39102.9 16261.2 18416.8 16512.8 12861.8
23574.7 0.836566 4510.43 3666.43 4402.54 6280.68 39116 16270.8 18427.1 16522.5 12870.1
23570.2 0.83643 4509.6 3665.78 4401.73 6279.45 39126.5 16276.9 18433.7 16528.7 12875.3
23568.2 0.836485 4509.82 3665.97 4401.95 6279.68 39141.8 16284.6 18442.2 16536.4 12881.7
23573.8 0.836526 4510.25 3666.28 4402.36 6280.42 39165.3 16295.1 18454 16547.1 12889.9
23573.4 0.836685 4511.37 3667.15 4403.45 6282.2 39190.5 16305.3 18465.8 16557.5 12897.6
23584.9 0.83696 4513.18 3668.56 4405.21 6284.96 39225.9 16321.3 18483.7 16573.7 12910.5
23586.9 0.837143 4514.05 3669.29 4406.06 6286.1 39280.7 16345.3 18510.5 16598 12930.1
23581.9 0.837494 4515.88 3670.78 4407.84 6288.57 39345.2 16375.5 18544.2 16628.7 12954.8
23572.2 0.836809 4512.37 3667.9 4404.41 6283.78 39425.5 16409.5 18582.8 16663.2 12981.5
23537 0.836944 4512.04 3667.82 4404.12 6282.56 39446.5 16412.6 18587 16666.4 12983.3
23524.7 0.837 4511.86 3667.76 4403.96 6281.98 39431.1 16402.5 18576.1 16656.2 12974.7
23528.4 0.837373 4513.87 3669.39 4405.92 6284.78 39362.9 16371.8 18541.6 16625 12949.9
23511.4 0.837158 4512.82 3668.51 4404.89 6283.46 39241.9 16312.3 18475.9 16564.8 12900.6
23494.5 0.837792 4514.53 3670.21 4406.61 6284.6 39050.3 16235.5 18387.7 16486.7 12842
23506.3 0.837341 4513.3 3669 4405.38 6283.76 39185.6 16289.7 18450 16541.9 12883.4
23497.5 0.837106 4511.98 3667.93 4404.09 6281.87 39120.2 16262.1 18418.9 16513.9 12861.3
23496.2 0.837094 4512.04 3667.96 4404.14 6282.03 39013 16218.7 18369.5 16469.8 12827.2
23486.2 0.836813 4510.61 3666.78 4402.74 6280.11 38970 16197.7 18346.2 16448.4 12809.8
23492.8 0.836998 4511.55 3667.55 4403.66 6281.37 38998.5 16211.6 18361.6 16462.5 12821.3
23494.6 0.837126 4512.09 3668.02 4404.19 6282.02 38998.3 16212.4 18362.3 16463.3 12822.3
23493.1 0.837055 4511.68 3667.69 4403.8 6281.43 39001.9 16213.8 18363.9 16464.8 12823.4
23478.7 0.836348 4507.63 3664.44 4399.84 6275.63 39037.9 16228.2 18380 16479.3 12835.2
23459.7 0.83439 4498.85 3656.98 4391.23 6264.74 39083.7 16243.9 18398.7 16495.4 12846.3
23474.5 0.835917 4505.69 3662.8 4397.95 6273.22 39047.9 16231.6 18384.1 16482.8 12837.7
23475 0.835994 4505.94 3663.03 4398.19 6273.45 39066.4 16239.6 18393 16490.9 12844.4
23474.5 0.836005 4506.05 3663.1 4398.29 6273.64 39084 16246.7 18401 16498.1 12849.9
23474.9 0.836158 4506.76 3663.7 4398.99 6274.56 39113.8 16259.1 18415 16510.7 12859.8
23470.6 0.836074 4506.32 3663.34 4398.56 6273.94 39112.9 16259.1 18415 16510.7 12859.9
23458.7 0.835635 4504.06 3661.49 4396.35 6270.85 39072.1 16243.8 18397.5 16495.2 12847.9
23426.7 0.834243 4496.74 3655.51 4389.2 6260.74 38903 16178 18322.5 16428.3 12796.2
23446 0.835067 4501.07 3659.05 4393.44 6266.73 39003.3 16217.1 18367 16468 12826.9
23436.4 0.835467 4502.74 3660.49 4395.08 6268.74 39006.3 16212.2 18362.4 16463.1 12822
23417.5 0.83591 4504.67 3662.14 4396.97 6271.09 39006.1 16206.1 18356.5 16457.1 12815.9
23382.8 0.836527 4507.26 3664.37 4399.53 6274.22 38993 16189.7 18339.7 16440.6 12800.4
23373.2 0.837137 4510.05 3666.72 4402.26 6277.76 38991.1 16182.1 18332.2 16433 12793.2
23379.9 0.83673 4508.13 3665.11 4400.38 6275.26 38992.3 16187.7 18337.7 16438.7 12798.8
23383.9 0.836918 4509.15 3665.94 4401.38 6276.7 38995.9 16187.7 18338 16438.6 12798.3
23381.6 0.8368 4508.49 3665.41 4400.73 6275.75 38993.7 16188 18338 16438.9 12798.9
23387 0.836744 4508.3 3665.24 4400.54 6275.57 38998.3 16191.6 18341.9 16442.6 12802.2
23392.1 0.83669 4508.12 3665.07 4400.37 6275.4 39002.7 16195.1 18345.5 16446.1 12805.2
23388.2 0.836731 4508.26 3665.2 4400.5 6275.53 38999.3 16192.4 18342.7 16443.4 12802.9
23387.4 0.83674 4508.29 3665.23 4400.53 6275.56 38998.6 16191.9 18342.1 16442.8 12802.4
23387.4 0.836741 4508.3 3665.23 4400.54 6275.57 38998.6 16191.9 18342.1 16442.8 12802.4
23387.3 0.836759 4508.38 3665.31 4400.62 6275.69 38999 16191.9 18342.1 16442.8 12802.3
23387.2 0.836781 4508.49 3665.39 4400.73 6275.82 38999 16191.6 18341.9 16442.6 12802.1
23386.9 0.836806 4508.61 3665.49 4400.84 6275.98 38998.8 16191.3 18341.6 16442.2 12801.7
23386.8 0.836795 4508.56 3665.45 4400.79 6275.92 38998.6 16191.3 18341.5 16442.2 12801.7
23386.8 0.836783 4508.5 3665.4 4400.73 6275.83 38998.6 16191.3 18341.6 16442.3 12801.8
23386.9 0.836774 4508.45 3665.36 4400.69 6275.78 38998.6 16191.4 18341.7 16442.4 12801.9
23386.9 0.836776 4508.47 3665.37 4400.7 6275.79 38998.6 16191.4 18341.7 16442.4 12801.9
23386.9 0.836781 4508.49 3665.39 4400.73 6275.83 38998.7 16191.4 18341.7 16442.4 12801.9
23386.9 0.836782 4508.5 3665.4 4400.73 6275.84 38998.7 16191.4 18341.7 16442.4 12801.9
23386.9 0.836783 4508.5 3665.4 4400.74 6275.84 38998.7 16191.4 18341.7 16442.3 12801.9
23386.9 0.836784 4508.51 3665.41 4400.74 6275.85 38998.7 16191.4 18341.7 16442.3 12801.9
23386.9 0.836785 4508.51 3665.41 4400.75 6275.85 38998.7 16191.4 18341.6 16442.3 12801.8
23386.8 0.836785 4508.51 3665.41 4400.74 6275.85 38998.6 16191.3 18341.6 16442.3 12801.8
23386.8 0.836783 4508.5 3665.4 4400.74 6275.84 38998.6 16191.3 18341.6 16442.3 12801.8
23386.8 0.836781 4508.49 3665.39 4400.73 6275.82 38998.6 16191.3 18341.6 16442.3 12801.8
23386.8 0.836779 4508.48 3665.38 4400.72 6275.81 38998.6 16191.4 18341.6 16442.3 12801.8
23386.9 0.836779 4508.48 3665.38 4400.72 6275.81 38998.6 16191.4 18341.7 16442.3 12801.9
23386.9 0.83678 4508.49 3665.39 4400.72 6275.82 38998.6 16191.4 18341.7 16442.3 12801.9
23386.9 0.836781 4508.49 3665.39 4400.73 6275.83 38998.6 16191.4 18341.7 16442.3 12801.9
23386.9 0.836781 4508.49 3665.39 4400.73 6275.83 38998.6 16191.4 18341.7 16442.3 12801.9
23386.9 0.836781 4508.49 3665.39 4400.73 6275.83 38998.6 16191.4 18341.7 16442.3 12801.9
23386.9 0.836781 4508.49 3665.39 4400.73 6275.83 38998.6 16191.4 18341.7 16442.3 12801.9
23386.9 0.836781 4508.49 3665.39 4400.73 6275.83 38998.6 16191.4 18341.7 16442.3 12801.9
23386.9 0.836781 4508.49 3665.39 4400.73 6275.83 38998.6 16191.4 18341.7 16442.3 12801.9
23386.9 0.836781 4508.49 3665.39 4400.73 6275.83 38998.6 16191.4 18341.7 16442.3 12801.9
23386.9 0.836781 4508.49 3665.39 4400.73 6275.83 38998.6 16191.4 18341.7 16442.3 12801.9
23386.9 0.836781 4508.49 3665.39 4400.73 6275.83 38998.6 16191.4 18341.7 16442.3 12801.9
23386.9 0.836781 4508.49 3665.39 4400.73 6275.83 38998.6 16191.4 18341.7 16442.3 12801.9
23386.9 0.836781 4508.49 3665.39 4400.73 6275.83 38998.6 16191.4 18341.7 16442.3 12801.9
23386.9 0.836781 4508.49 3665.39 4400.73 6275.83 38998.6 16191.4 18341.7 16442.3 12801.9
23386.9 0.836781 4508.49 3665.39 4400.73 6275.83 38998.6 16191.4 18341.7 16442.3 12801.9
23386.9 0.836781 4508.49 3665.39 4400.73 6275.83 38998.6 16191.4 18341.7 16442.3 12801.9
23386.9 0.836781 4508.49 3665.39 4400.73 6275.83 38998.6 16191.4 18341.7 16442.3 12801.9
23386.9 0.836781 4508.49 3665.39 4400.73 6275.83 38998.6 16191.4 18341.7 16442.3 12801.9
23386.9 0.836781 4508.49 3665.39 4400.73 6275.83 38998.6 16191.4 18341.7 16442.3 12801.9
23386.9 0.836781 4508.49 3665.39 4400.73 6275.83 38998.6 16191.4 18341.7 16442.3 12801.9
23386.9 0.836781 4508.49 3665.39 4400.73 6275.83 38998.6 16191.4 18341.7 16442.3 12801.9
23386.9 0.836781 4508.49 3665.39 4400.73 6275.83 38998.6 16191.4 18341.7 16442.3 12801.9
23386.9 0.836781 4508.49 3665.39 4400.73 6275.83 38998.6 16191.4 18341.7 16442.3 12801.9
23386.9 0.836781 4508.49 3665.39 4400.73 6275.83 38998.6 16191.4 18341.7 16442.3 12801.9
23386.9 0.836781 4508.49 3665.39 4400.73 6275.83 38998.6 16191.4 18341.7 16442.3 12801.9
23386.9 0.836781 4508.49 3665.39 4400.73 6275.83 38998.6 16191.4 18341.7 16442.3 12801.9
23386.9 0.836781 4508.49 3665.39 4400.73 6275.83 38998.6 16191.4 18341.7 16442.3 12801.9
23386.9 0.836781 4508.49 3665.39 4400.73 6275.83 38998.6 16191.4 18341.7 16442.3 12801.9
23386.9 0.836781 4508.49 3665.39 4400.73 6275.83 38998.6 16191.4 18341.7 16442.3 12801.9
23386.9 0.836781 4508.49 3665.39 4400.73 6275.83 38998.6 16191.4 18341.7 16442.3 12801.9
23386.9 0.836781 4508.49 3665.39 4400.73 6275.83 38998.6 16191.4 18341.7 16442.3 12801.9
23386.9 0.836781 4508.49 3665.39 4400.73 6275.83 38998.6 16191.4 18341.7 16442.3 12801.9
23386.9 0.836781 4508.49 3665.39 4400.73 6275.83 38998.6 16191.4 18341.7 16442.3 12801.9
23386.9 0.836781 4508.49 3665.39 4400.73 6275.83 38998.6 16191.4 18341.7 16442.3 12801.9
23386.9 0.836781 4508.49 3665.39 4400.73 6275.83 38998.6 16191.4 18341.7 16442.3 12801.9
23386.9 0.836781 4508.49 3665.39 4400.73 6275.83 38998.6 16191.4 18341.7 16442.3 12801.9
23386.9 0.836781 4508.49 3665.39 4400.73 6275.83 38998.6 16191.4 18341.7 16442.3 12801.9
23386.9 0.836781 4508.49 3665.39 4400.73 6275.83 38998.6 16191.4 18341.7 16442.3 12801.9
23386.9 0.836781 4508.49 3665.39 4400.73 6275.83 38998.6 16191.4 18341.7 16442.3 12801.9
23386.9 0.836781 4508.49 3665.39 4400.73 6275.83 38998.6 16191.4 18341.7 16442.3 12801.9
23386.9 0.836781 4508.49 3665.39 4400.73 6275.83 38998.6 16191.4 18341.7 16442.3 12801.9
23387 0.836779 4508.48 3665.38 4400.72 6275.81 38998.6 16191.5 18341.7 16442.4 12801.9
23386.8 0.836784 4508.5 3665.41 4400.74 6275.85 38998.6 16191.3 18341.6 16442.3 12801.8
23386.9 0.836781 4508.49 3665.39 4400.73 6275.83 38998.6 16191.4 18341.7 16442.3 12801.9
23386.9 0.836782 4508.49 3665.4 4400.73 6275.83 38998.6 16191.4 18341.7 16442.3 12801.9
23386.9 0.836781 4508.49 3665.39 4400.73 6275.83 38998.6 16191.4 18341.7 16442.3 12801.9
23386.9 0.836782 4508.49 3665.39 4400.73 6275.83 38998.6 16191.4 18341.7 16442.3 12801.9
23386.9 0.836781 4508.49 3665.39 4400.73 6275.83 38998.6 16191.4 18341.7 16442.3 12801.9
23386.9 0.836781 4508.49 3665.39 4400.73 6275.83 38998.6 16191.4 18341.7 16442.3 12801.9
23387.1 0.836773 4508.45 3665.36 4400.69 6275.78 38998.6 16191.6 18341.9 16442.5 12802.1
23386.7 0.836789 4508.53 3665.43 4400.77 6275.88 38998.6 16191.2 18341.5 16442.1 12801.6
23386.9 0.836781 4508.49 3665.39 4400.72 6275.82 38998.6 16191.4 18341.7 16442.4 12801.9
23386.9 0.836782 4508.5 3665.4 4400.73 6275.83 38998.6 16191.4 18341.7 16442.3 12801.8
23387.1 0.836773 4508.45 3665.36 4400.69 6275.78 38998.6 16191.6 18341.9 16442.5 12802.1
23386.7 0.836789 4508.53 3665.43 4400.77 6275.88 38998.6 16191.2 18341.5 16442.1 12801.6
23386.9 0.836781 4508.49 3665.39 4400.72 6275.82 38998.6 16191.4 18341.7 16442.4 12801.9
23386.9 0.836782 4508.5 3665.4 4400.73 6275.83 38998.6 16191.4 18341.7 16442.3 12801.8
23387.1 0.836773 4508.45 3665.36 4400.69 6275.78 38998.6 16191.6 18341.9 16442.5 12802.1
23386.7 0.836789 4508.53 3665.43 4400.77 6275.88 38998.6 16191.2 18341.5 16442.1 12801.6
23386.9 0.836781 4508.49 3665.39 4400.72 6275.82 38998.6 16191.4 18341.7 16442.4 12801.9
23386.9 0.836782 4508.5 3665.4 4400.73 6275.83 38998.6 16191.4 18341.7 16442.3 12801.8
23387.1 0.836773 4508.45 3665.36 4400.69 6275.78 38998.6 16191.6 18341.9 16442.5 12802.1
23386.7 0.836789 4508.53 3665.43 4400.77 6275.88 38998.6 16191.2 18341.5 16442.1 12801.6
23386.9 0.836781 4508.49 3665.39 4400.72 6275.82 38998.6 16191.4 18341.7 16442.4 12801.9
23386.9 0.836782 4508.5 3665.4 4400.73 6275.83 38998.6 16191.4 18341.7 16442.3 12801.8
23387.1 0.836773 4508.45 3665.36 4400.69 6275.78 38998.6 16191.6 18341.9 16442.5 12802.1
23386.7 0.836789 4508.53 3665.43 4400.77 6275.88 38998.6 16191.2 18341.5 16442.1 12801.6
23386.9 0.836781 4508.49 3665.39 4400.72 6275.82 38998.6 16191.4 18341.7 16442.4 12801.9
23386.9 0.836782 4508.5 3665.4 4400.73 6275.83 38998.6 16191.4 18341.7 16442.3 12801.8
23387.1 0.836773 4508.45 3665.36 4400.69 6275.78 38998.6 16191.6 18341.9 16442.5 12802.1
23386.7 0.836789 4508.53 3665.43 4400.77 6275.88 38998.6 16191.2 18341.5 16442.1 12801.6
23386.9 0.836781 4508.49 3665.39 4400.72 6275.82 38998.6 16191.4 18341.7 16442.4 12801.9
23386.9 0.836782 4508.5 3665.4 4400.73 6275.83 38998.6 16191.4 18341.7 16442.3 12801.8
23387.1 0.836773 4508.45 3665.36 4400.69 6275.78 38998.6 16191.6 18341.9 16442.5 12802.1
23386.7 0.836789 4508.53 3665.43 4400.77 6275.88 38998.6 16191.2 18341.5 16442.1 12801.6
23386.9 0.836781 4508.49 3665.39 4400.72 6275.82 38998.6 16191.4 18341.7 16442.4 12801.9
23386.9 0.836782 4508.5 3665.4 4400.73 6275.83 38998.6 16191.4 18341.7 16442.3 12801.8
23386.9 0.836781 4508.49 3665.39 4400.73 6275.83 38998.6 16191.4 18341.7 16442.3 12801.8
23386.9 0.836782 4508.49 3665.39 4400.73 6275.82 38998.6 16191.4 18341.7 16442.4 12801.9
23386.9 0.836781 4508.49 3665.39 4400.73 6275.83 38998.6 16191.4 18341.7 16442.3 12801.9
23386.9 0.836781 4508.49 3665.39 4400.73 6275.83 38998.6 16191.4 18341.7 16442.3 12801.9
23386.9 0.836781 4508.49 3665.39 4400.73 6275.83 38998.6 16191.4 18341.7 16442.3 12801.8
23386.9 0.836782 4508.49 3665.39 4400.73 6275.82 38998.6 16191.4 18341.7 16442.4 12801.9
23386.9 0.836781 4508.49 3665.39 4400.73 6275.83 38998.6 16191.4 18341.7 16442.3 12801.9
23386.9 0.836781 4508.49 3665.39 4400.73 6275.83 38998.6 16191.4 18341.7 16442.3 12801.9
23386.9 0.836781 4508.49 3665.39 4400.73 6275.83 38998.6 16191.4 18341.7 16442.3 12801.8
23386.9 0.836782 4508.49 3665.39 4400.73 6275.82 38998.6 16191.4 18341.7 16442.4 12801.9
23386.9 0.836781 4508.49 3665.39 4400.73 6275.83 38998.6 16191.4 18341.7 16442.3 12801.9
23386.9 0.836781 4508.49 3665.39 4400.73 6275.83 38998.6 16191.4 18341.7 16442.3 12801.9
23386.9 0.836781 4508.49 3665.39 4400.73 6275.83 38998.6 16191.4 18341.7 16442.3 12801.8
23386.9 0.836782 4508.49 3665.39 4400.73 6275.82 38998.6 16191.4 18341.7 16442.4 12801.9
23386.9 0.836781 4508.49 3665.39 4400.73 6275.83 38998.6 16191.4 18341.7 16442.3 12801.9
23386.9 0.836781 4508.49 3665.39 4400.73 6275.83 38998.6 16191.4 18341.7 16442.3 12801.9
23386.9 0.836781 4508.49 3665.39 4400.73 6275.83 38998.6 16191.4 18341.7 16442.3 12801.8
23386.9 0.836782 4508.49 3665.39 4400.73 6275.82 38998.6 16191.4 18341.7 16442.4 12801.9
23386.9 0.836781 4508.49 3665.39 4400.73 6275.83 38998.6 16191.4 18341.7 16442.3 12801.9
23386.9 0.836781 4508.49 3665.39 4400.73 6275.83 38998.6 16191.4 18341.7 16442.3 12801.9
23386.9 0.836781 4508.49 3665.39 4400.73 6275.83 38998.6 16191.4 18341.7 16442.3 12801.8
23386.9 0.836782 4508.49 3665.39 4400.73 6275.82 38998.6 16191.4 18341.7 16442.4 12801.9
23386.9 0.836781 4508.49 3665.39 4400.73 6275.83 38998.6 16191.4 18341.7 16442.3 12801.9
23386.9 0.836781 4508.49 3665.39 4400.73 6275.83 38998.6 16191.4 18341.7 16442.3 12801.9
23386.9 0.836781 4508.49 3665.39 4400.73 6275.83 38998.6 16191.4 18341.7 16442.3 12801.8
23386.9 0.836782 4508.49 3665.39 4400.73 6275.82 38998.6 16191.4 18341.7 16442.4 12801.9
23386.9 0.836781 4508.49 3665.39 4400.73 6275.83 38998.6 16191.4 18341.7 16442.3 12801.9
23386.9 0.836781 4508.49 3665.39 4400.73 6275.83 38998.6 16191.4 18341.7 16442.3 12801.9
23386.9 0.836781 4508.49 3665.39 4400.73 6275.83 38998.6 16191.4 18341.7 16442.3 12801.9
23386.9 0.836781 4508.49 3665.39 4400.73 6275.83 38998.6 16191.4 18341.7 16442.3 12801.9
23386.9 0.836781 4508.49 3665.39 4400.73 6275.83 38998.6 16191.4 18341.7 16442.3 12801.9
23386.9 0.836781 4508.49 3665.39 4400.73 6275.83 38998.6 16191.4 18341.7 16442.3 12801.9
23386.9 0.836781 4508.49 3665.39 4400.73 6275.83 38998.6 16191.4 18341.7 16442.3 12801.9
23386.9 0.836781 4508.49 3665.39 4400.73 6275.83 38998.6 16191.4 18341.7 16442.3 12801.9
23386.9 0.836781 4508.49 3665.39 4400.73 6275.83 38998.6 16191.4 18341.7 16442.3 12801.9
23386.9 0.836781 4508.49 3665.39 4400.73 6275.83 38998.6 16191.4 18341.7 16442.3 12801.9
23387.1 0.83679 4508.54 3665.43 4400.77 6275.89 38999 16191.6 18341.9 16442.5 12802
23386.7 0.836773 4508.45 3665.36 4400.68 6275.77 38998.3 16191.2 18341.5 16442.2 12801.7
23386.9 0.836782 4508.5 3665.4 4400.73 6275.83 38998.7 16191.4 18341.7 16442.4 12801.9
23386.9 0.836781 4508.49 3665.39 4400.72 6275.82 38998.6 16191.4 18341.7 16442.3 12801.9
23386.9 0.836781 4508.49 3665.39 4400.73 6275.83 38998.6 16191.4 18341.7 16442.3 12801.9
23386.9 0.836781 4508.49 3665.39 4400.73 6275.83 38998.6 16191.4 18341.7 16442.3 12801.9
23386.9 0.836781 4508.49 3665.39 4400.73 6275.83 38998.6 16191.4 18341.7 16442.3 12801.9
23386.9 0.836781 4508.49 3665.39 4400.73 6275.83 38998.6 16191.4 18341.7 16442.3 12801.9
23386.9 0.836781 4508.49 3665.39 4400.73 6275.83 38998.6 16191.4 18341.7 16442.3 12801.9
23386.9 0.836781 4508.49 3665.39 4400.73 6275.83 38998.6 16191.4 18341.7 16442.3 12801.9
23386.9 0.836781 4508.49 3665.39 4400.73 6275.83 38998.6 16191.4 18341.7 16442.3 12801.9
23386.9 0.836781 4508.49 3665.39 4400.73 6275.83 38998.6 16191.4 18341.7 16442.3 12801.9
23386.9 0.836781 4508.49 3665.39 4400.73 6275.83 38998.6 16191.4 18341.7 16442.3 12801.9
23386.9 0.836781 4508.49 3665.39 4400.73 6275.83 38998.6 16191.4 18341.7 16442.3 12801.9
23386.9 0.836781 4508.49 3665.39 4400.73 6275.83 38998.6 16191.4 18341.7 16442.3 12801.9
23386.9 0.836781 4508.49 3665.39 4400.73 6275.83 38998.6 16191.4 18341.7 16442.3 12801.9
23386.9 0.836781 4508.49 3665.39 4400.73 6275.83 38998.6 16191.4 18341.7 16442.3 12801.9
23386.9 0.836781 4508.49 3665.39 4400.73 6275.83 38998.6 16191.4 18341.7 16442.3 12801.9
23386.9 0.836781 4508.49 3665.39 4400.73 6275.83 38998.6 16191.4 18341.7 16442.3 12801.9
23386.9 0.836781 4508.49 3665.39 4400.73 6275.83 38998.6 16191.4 18341.7 16442.3 12801.9
23386.9 0.836781 4508.49 3665.39 4400.73 6275.83 38998.6 16191.4 18341.7 16442.3 12801.9
23386.9 0.836781 4508.49 3665.39 4400.73 6275.83 38998.6 16191.4 18341.7 16442.3 12801.9
23386.9 0.836781 4508.49 3665.39 4400.73 6275.83 38998.6 16191.4 18341.7 16442.3 12801.9
23386.9 0.836781 4508.49 3665.39 4400.73 6275.83 38998.6 16191.4 18341.7 16442.3 12801.9
23386.9 0.836781 4508.49 3665.39 4400.73 6275.83 38998.6 16191.4 18341.7 16442.3 12801.9
23386.9 0.836781 4508.49 3665.39 4400.73 6275.83 38998.6 16191.4 18341.7 16442.3 12801.9
23386.9 0.836781 4508.49 3665.39 4400.73 6275.83 38998.6 16191.4 18341.7 16442.3 12801.9
23386.9 0.836781 4508.49 3665.39 4400.73 6275.83 38998.6 16191.4 18341.7 16442.3 12801.9
23386.9 0.836781 4508.49 3665.39 4400.73 6275.83 38998.6 16191.4 18341.7 16442.3 12801.9
23386.9 0.836781 4508.49 3665.39 4400.73 6275.83 38998.6 16191.4 18341.7 16442.3 12801.9
23386.9 0.836781 4508.49 3665.39 4400.73 6275.83 38998.6 16191.4 18341.7 16442.3 12801.9
23386.9 0.836781 4508.49 3665.39 4400.73 6275.83 38998.6 16191.4 18341.7 16442.3 12801.9
23386.9 0.836781 4508.49 3665.39 4400.73 6275.83 38998.6 16191.4 18341.7 16442.3 12801.9
23386.9 0.836781 4508.49 3665.39 4400.73 6275.83 38998.6 16191.4 18341.7 16442.3 12801.9
23386.9 0.836781 4508.49 3665.39 4400.73 6275.83 38998.6 16191.4 18341.7 16442.3 12801.9
23386.9 0.836781 4508.49 3665.39 4400.73 6275.83 38998.6 16191.4 18341.7 16442.3 12801.9
23386.9 0.836781 4508.49 3665.39 4400.73 6275.83 38998.6 16191.4 18341.7 16442.3 12801.9
23386.9 0.836781 4508.49 3665.39 4400.73 6275.83 38998.6 16191.4 18341.7 16442.3 12801.9
23386.9 0.836781 4508.49 3665.39 4400.73 6275.83 38998.6 16191.4 18341.7 16442.3 12801.9
23386.9 0.836781 4508.49 3665.39 4400.73 6275.83 38998.6 16191.4 18341.7 16442.3 12801.9
23386.9 0.836781 4508.49 3665.39 4400.73 6275.83 38998.6 16191.4 18341.7 16442.3 12801.9
23386.9 0.836781 4508.49 3665.39 4400.73 6275.83 38998.6 16191.4 18341.7 16442.3 12801.9
23386.9 0.836781 4508.49 3665.39 4400.73 6275.83 38998.6 16191.4 18341.7 16442.3 12801.9
23386.9 0.836781 4508.49 3665.39 4400.73 6275.83 38998.6 16191.4 18341.7 16442.3 12801.9
23386.9 0.836781 4508.49 3665.39 4400.73 6275.83 38998.6 16191.4 18341.7 16442.3 12801.9
23386.9 0.836781 4508.49 3665.39 4400.73 6275.83 38998.6 16191.4 18341.7 16442.3 12801.9
23386.9 0.836781 4508.49 3665.39 4400.73 6275.83 38998.6 16191.4 18341.7 16442.3 12801.9
23386.9 0.836781 4508.49 3665.39 4400.73 6275.83 38998.6 16191.4 18341.7 16442.3 12801.9
23386.9 0.836781 4508.49 3665.39 4400.73 6275.83 38998.6 16191.4 18341.7 16442.3 12801.9
23386.9 0.836781 4508.49 3665.39 4400.73 6275.83 38998.6 16191.4 18341.7 16442.3 12801.9
23386.9 0.836781 4508.49 3665.39 4400.73 6275.83 38998.6 16191.4 18341.7 16442.3 12801.9
23386.9 0.836781 4508.49 3665.39 4400.73 6275.83 38998.6 16191.4 18341.7 16442.3 12801.9
23386.9 0.836781 4508.49 3665.39 4400.73 6275.83 38998.6 16191.4 18341.7 16442.3 12801.9
23386.9 0.836781 4508.49 3665.39 4400.73 6275.83 38998.6 16191.4 18341.7 16442.3 12801.9
23386.9 0.836781 4508.49 3665.39 4400.73 6275.83 38998.6 16191.4 18341.7 16442.3 12801.9
23386.9 0.836781 4508.49 3665.39 4400.73 6275.83 38998.6 16191.4 18341.7 16442.3 12801.9
23386.9 0.836781 4508.49 3665.39 4400.73 6275.83 38998.6 16191.4 18341.7 16442.3 12801.9
23386.9 0.836781 4508.49 3665.39 4400.73 6275.83 38998.6 16191.4 18341.7 16442.3 12801.9
23386.9 0.836781 4508.49 3665.39 4400.73 6275.83 38998.6 16191.4 18341.7 16442.3 12801.9
23386.9 0.836781 4508.49 3665.39 4400.73 6275.83 38998.6 16191.4 18341.7 16442.3 12801.9
23386.9 0.836781 4508.49 3665.39 4400.73 6275.83 38998.6 16191.4 18341.7 16442.3 12801.9
23386.9 0.836781 4508.49 3665.39 4400.73 6275.83 38998.6 16191.4 18341.7 16442.3 12801.9
23386.9 0.836781 4508.49 3665.39 4400.73 6275.83 38998.6 16191.4 18341.7 16442.3 12801.9
23386.9 0.836781 4508.49 3665.39 4400.73 6275.83 38998.6 16191.4 18341.7 16442.3 12801.9
23386.9 0.836781 4508.49 3665.39 4400.73 6275.83 38998.6 16191.4 18341.7 16442.3 12801.9
23386.9 0.836781 4508.49 3665.39 4400.73 6275.83 38998.6 16191.4 18341.7 16442.3 12801.9
23386.9 0.836781 4508.49 3665.39 4400.73 6275.83 38998.6 16191.4 18341.7 16442.3 12801.9
23386.9 0.836781 4508.49 3665.39 4400.73 6275.83 38998.6 16191.4 18341.7 16442.3 12801.9
23386.9 0.836781 4508.49 3665.39 4400.73 6275.83 38998.6 16191.4 18341.7 16442.3 12801.9
23386.9 0.836781 4508.49 3665.39 4400.73 6275.83 38998.6 16191.4 18341.7 16442.3 12801.9
23386.9 0.836781 4508.49 3665.39 4400.73 6275.83 38998.6 16191.4 18341.7 16442.3 12801.9
23386.9 0.836781 4508.49 3665.39 4400.73 6275.83 38998.6 16191.4 18341.7 16442.3 12801.9
23386.9 0.836781 4508.49 3665.39 4400.73 6275.83 38998.6 16191.4 18341.7 16442.3 12801.9
23386.9 0.836781 4508.49 3665.39 4400.73 6275.83 38998.6 16191.4 18341.7 16442.3 12801.9
23386.9 0.836781 4508.49 3665.39 4400.73 6275.83 38998.6 16191.4 18341.7 16442.3 12801.9
23386.9 0.836781 4508.49 3665.39 4400.73 6275.83 38998.6 16191.4 18341.7 16442.3 12801.9
23386.9 0.836781 4508.49 3665.39 4400.73 6275.83 38998.6 16191.4 18341.7 16442.3 12801.9
23386.9 0.836781 4508.49 3665.39 4400.73 6275.83 38998.6 16191.4 18341.7 16442.3 12801.9
23386.9 0.836781 4508.49 3665.39 4400.73 6275.83 38998.6 16191.4 18341.7 16442.3 12801.9
23386.9 0.836781 4508.49 3665.39 4400.73 6275.83 38998.6 16191.4 18341.7 16442.3 12801.9
23386.9 0.836781 4508.49 3665.39 4400.73 6275.83 38998.6 16191.4 18341.7 16442.3 12801.9
23386.9 0.836781 4508.49 3665.39 4400.73 6275.83 38998.6 16191.4 18341.7 16442.3 12801.9
23386.9 0.836781 4508.49 3665.39 4400.73 6275.83 38998.6 16191.4 18341.7 16442.3 12801.9
23386.9 0.836781 4508.49 3665.39 4400.73 6275.83 38998.6 16191.4 18341.7 16442.3 12801.9
23386.9 0.836781 4508.49 3665.39 4400.73 6275.83 38998.6 16191.4 18341.7 16442.3 12801.9
23386.9 0.836781 4508.49 3665.39 4400.73 6275.83 38998.6 16191.4 18341.7 16442.3 12801.9
23386.9 0.836781 4508.49 3665.39 4400.73 6275.83 38998.6 16191.4 18341.7 16442.3 12801.9
23386.9 0.836781 4508.49 3665.39 4400.73 6275.83 38998.6 16191.4 18341.7 16442.3 12801.9
23386.9 0.836781 4508.49 3665.39 4400.73 6275.83 38998.6 16191.4 18341.7 16442.3 12801.9
23386.9 0.836781 4508.49 3665.39 4400.73 6275.83 38998.6 16191.4 18341.7 16442.3 12801.9
23386.9 0.836781 4508.49 3665.39 4400.73 6275.83 38998.6 16191.4 18341.7 16442.3 12801.9
23386.9 0.836781 4508.49 3665.39 4400.73 6275.83 38998.6 16191.4 18341.7 16442.3 12801.9
23386.9 0.836781 4508.49 3665.39 4400.73 6275.83 38998.6 16191.4 18341.7 16442.3 12801.9
23386.9 0.836781 4508.49 3665.39 4400.73 6275.83 38998.6 16191.4 18341.7 16442.3 12801.9
23386.9 0.836781 4508.49 3665.39 4400.73 6275.83 38998.6 16191.4 18341.7 16442.3 12801.9
23386.9 0.836781 4508.49 3665.39 4400.73 6275.83 38998.6 16191.4 18341.7 16442.3 12801.9
23386.9 0.836781 4508.49 3665.39 4400.73 6275.83 38998.6 16191.4 18341.7 16442.3 12801.9
23386.9 0.836781 4508.49 3665.39 4400.73 6275.83 38998.6 16191.4 18341.7 16442.3 12801.9
23386.9 0.836781 4508.49 3665.39 4400.73 6275.83 38998.6 16191.4 18341.7 16442.3 12801.9
23386.9 0.836781 4508.49 3665.39 4400.73 6275.83 38998.6 16191.4 18341.7 16442.3 12801.9
23386.9 0.836781 4508.49 3665.39 4400.73 6275.83 38998.6 16191.4 18341.7 16442.3 12801.9
23386.9 0.836781 4508.49 3665.39 4400.73 6275.83 38998.6 16191.4 18341.7 16442.3 12801.9
23386.9 0.836781 4508.49 3665.39 4400.73 6275.83 38998.6 16191.4 18341.7 16442.3 12801.9
23386.9 0.836781 4508.49 3665.39 4400.73 6275.83 38998.6 16191.4 18341.7 16442.3 12801.9
23386.9 0.836781 4508.49 3665.39 4400.73 6275.83 38998.6 16191.4 18341.7 16442.3 12801.9
23386.9 0.836781 4508.49 3665.39 4400.73 6275.83 38998.6 16191.4 18341.7 16442.3 12801.9
23386.9 0.836781 4508.49 3665.39 4400.73 6275.83 38998.6 16191.4 18341.7 16442.3 12801.9
23386.9 0.836781 4508.49 3665.39 4400.73 6275.83 38998.6 16191.4 18341.7 16442.3 12801.9
23386.9 0.836781 4508.49 3665.39 4400.73 6275.83 38998.6 16191.4 18341.7 16442.3 12801.9
23386.9 0.836781 4508.49 3665.39 4400.73 6275.83 38998.6 16191.4 18341.7 16442.3 12801.9
23386.9 0.836781 4508.49 3665.39 4400.73 6275.83 38998.6 16191.4 18341.7 16442.3 12801.9
23386.9 0.836781 4508.49 3665.39 4400.73 6275.83 38998.6 16191.4 18341.7 16442.3 12801.9
23386.9 0.836781 4508.49 3665.39 4400.73 6275.83 38998.6 16191.4 18341.7 16442.3 12801.9
23386.9 0.836781 4508.49 3665.39 4400.73 6275.83 38998.6 16191.4 18341.7 16442.3 12801.9
23386.9 0.836781 4508.49 3665.39 4400.73 6275.83 38998.6 16191.4 18341.7 16442.3 12801.9
23386.9 0.836781 4508.49 3665.39 4400.73 6275.83 38998.6 16191.4 18341.7 16442.3 12801.9
23386.9 0.836781 4508.49 3665.39 4400.73 6275.83 38998.6 16191.4 18341.7 16442.3 12801.9
23386.9 0.836781 4508.49 3665.39 4400.73 6275.83 38998.6 16191.4 18341.7 16442.3 12801.9
23386.9 0.836781 4508.49 3665.39 4400.73 6275.83 38998.6 16191.4 18341.7 16442.3 12801.9
23386.9 0.836781 4508.49 3665.39 4400.73 6275.83 38998.6 16191.4 18341.7 16442.3 12801.9
23386.9 0.836781 4508.49 3665.39 4400.73 6275.83 38998.6 16191.4 18341.7 16442.3 12801.9
23386.9 0.836781 4508.49 3665.39 4400.73 6275.83 38998.6 16191.4 18341.7 16442.3 12801.9
23386.9 0.836781 4508.49 3665.39 4400.73 6275.83 38998.6 16191.4 18341.7 16442.3 12801.9
23386.9 0.836781 4508.49 3665.39 4400.73 6275.83 38998.6 16191.4 18341.7 16442.3 12801.9
23386.9 0.836781 4508.49 3665.39 4400.73 6275.83 38998.6 16191.4 18341.7 16442.3 12801.9
23386.9 0.836781 4508.49 3665.39 4400.73 6275.83 38998.6 16191.4 18341.7 16442.3 12801.9
23386.9 0.836781 4508.49 3665.39 4400.73 6275.83 38998.6 16191.4 18341.7 16442.3 12801.9
23386.9 0.836781 4508.49 3665.39 4400.73 6275.83 38998.6 16191.4 18341.7 16442.3 12801.9
23386.9 0.836781 4508.49 3665.39 4400.73 6275.83 38998.6 16191.4 18341.7 16442.3 12801.9
23386.9 0.836781 4508.49 3665.39 4400.73 6275.83 38998.6 16191.4 18341.7 16442.3 12801.9
23386.9 0.836781 4508.49 3665.39 4400.73 6275.83 38998.6 16191.4 18341.7 16442.3 12801.9
23386.9 0.836781 4508.49 3665.39 4400.73 6275.83 38998.6 16191.4 18341.7 16442.3 12801.9
23386.9 0.836781 4508.49 3665.39 4400.73 6275.83 38998.6 16191.4 18341.7 16442.3 12801.9
23386.9 0.836781 4508.49 3665.39 4400.73 6275.83 38998.6 16191.4 18341.7 16442.3 12801.9
23386.9 0.836781 4508.49 3665.39 4400.73 6275.83 38998.6 16191.4 18341.7 16442.3 12801.9
23386.9 0.836781 4508.49 3665.39 4400.73 6275.83 38998.6 16191.4 18341.7 16442.3 12801.9
23386.9 0.836781 4508.49 3665.39 4400.73 6275.83 38998.6 16191.4 18341.7 16442.3 12801.9
23386.9 0.836781 4508.49 3665.39 4400.73 6275.83 38998.6 16191.4 18341.7 16442.3 12801.9
23386.9 0.836781 4508.49 3665.39 4400.73 6275.83 38998.6 16191.4 18341.7 16442.3 12801.9
23386.9 0.836781 4508.49 3665.39 4400.73 6275.83 38998.6 16191.4 18341.7 16442.3 12801.9
23386.9 0.836781 4508.49 3665.39 4400.73 6275.83 38998.6 16191.4 18341.7 16442.3 12801.9
23386.9 0.836781 4508.49 3665.39 4400.73 6275.83 38998.6 16191.4 18341.7 16442.3 12801.9
23386.9 0.836781 4508.49 3665.39 4400.73 6275.83 38998.6 16191.4 18341.7 16442.3 12801.9
23386.9 0.836781 4508.49 3665.39 4400.73 6275.83 38998.6 16191.4 18341.7 16442.3 12801.9
23386.9 0.836781 4508.49 3665.39 4400.73 6275.83 38998.6 16191.4 18341.7 16442.3 12801.9
23386.9 0.836781 4508.49 3665.39 4400.73 6275.83 38998.6 16191.4 18341.7 16442.3 12801.9
23386.9 0.836781 4508.49 3665.39 4400.73 6275.83 38998.6 16191.4 18341.7 16442.3 12801.9
23386.9 0.836781 4508.49 3665.39 4400.73 6275.83 38998.6 16191.4 18341.7 16442.3 12801.9
23386.9 0.836781 4508.49 3665.39 4400.73 6275.83 38998.6 16191.4 18341.7 16442.3 12801.9
23386.9 0.836781 4508.49 3665.39 4400.73 6275.83 38998.6 16191.4 18341.7 16442.3 12801.9
23386.9 0.836781 4508.49 3665.39 4400.73 6275.83 38998.6 16191.4 18341.7 16442.3 12801.9
23386.9 0.836781 4508.49 3665.39 4400.73 6275.83 38998.6 16191.4 18341.7 16442.3 12801.9
23386.9 0.836781 4508.49 3665.39 4400.73 6275.83 38998.6 16191.4 18341.7 16442.3 12801.9
23386.9 0.836781 4508.49 3665.39 4400.73 6275.83 38998.6 16191.4 18341.7 16442.3 12801.9
23386.9 0.836781 4508.49 3665.39 4400.73 6275.83 38998.6 16191.4 18341.7 16442.3 12801.9
23386.9 0.836781 4508.49 3665.39 4400.73 6275.83 38998.6 16191.4 18341.7 16442.3 12801.9
23386.9 0.836781 4508.49 3665.39 4400.73 6275.83 38998.6 16191.4 18341.7 16442.3 12801.9
23386.9 0.836781 4508.49 3665.39 4400.73 6275.83 38998.6 16191.4 18341.7 16442.3 12801.9
23386.9 0.836781 4508.49 3665.39 4400.73 6275.83 38998.6 16191.4 18341.7 16442.3 12801.9
23386.9 0.836781 4508.49 3665.39 4400.73 6275.83 38998.6 16191.4 18341.7 16442.3 12801.9
23386.9 0.836782 4508.49 3665.39 4400.73 6275.83 38998.6 16191.4 18341.7 16442.3 12801.9
23386.9 0.836781 4508.49 3665.39 4400.73 6275.83 38998.6 16191.4 18341.7 16442.3 12801.9
23386.9 0.836781 4508.49 3665.39 4400.73 6275.83 38998.6 16191.4 18341.7 16442.3 12801.9
23386.9 0.836781 4508.49 3665.39 4400.73 6275.83 38998.6 16191.4 18341.7 16442.3 12801.9
23386.9 0.836782 4508.49 3665.4 4400.73 6275.83 38998.6 16191.4 18341.7 16442.3 12801.9
23386.9 0.836781 4508.49 3665.39 4400.73 6275.83 38998.6 16191.4 18341.7 16442.3 12801.9
23386.9 0.836781 4508.49 3665.39 4400.73 6275.83 38998.6 16191.4 18341.7 16442.3 12801.9
23386.9 0.836781 4508.49 3665.39 4400.73 6275.83 38998.6 16191.4 18341.7 16442.3 12801.9
23386.9 0.836783 4508.5 3665.4 4400.73 6275.84 38998.6 16191.4 18341.7 16442.3 12801.9
23386.8 0.83678 4508.48 3665.39 4400.72 6275.82 38998.6 16191.4 18341.7 16442.3 12801.9
23386.9 0.836782 4508.49 3665.39 4400.73 6275.83 38998.6 16191.4 18341.7 16442.3 12801.9
23386.9 0.836781 4508.49 3665.39 4400.73 6275.83 38998.6 16191.4 18341.7 16442.3 12801.9
23387 0.836783 4508.5 3665.4 4400.74 6275.84 38998.6 16191.4 18341.7 16442.3 12801.9
23386.8 0.83678 4508.48 3665.39 4400.72 6275.82 38998.6 16191.4 18341.7 16442.3 12801.9
23386.9 0.836782 4508.49 3665.39 4400.73 6275.83 38998.6 16191.4 18341.7 16442.3 12801.9
23386.9 0.836781 4508.49 3665.39 4400.73 6275.83 38998.6 16191.4 18341.7 16442.3 12801.9
23387 0.836783 4508.5 3665.4 4400.74 6275.84 38998.6 16191.4 18341.7 16442.3 12801.9
23386.8 0.83678 4508.48 3665.39 4400.72 6275.82 38998.6 16191.4 18341.7 16442.3 12801.9
23386.9 0.836782 4508.49 3665.39 4400.73 6275.83 38998.6 16191.4 18341.7 16442.3 12801.9
23386.9 0.836781 4508.49 3665.39 4400.73 6275.83 38998.6 16191.4 18341.7 16442.3 12801.9
23386.9 0.836783 4508.5 3665.4 4400.73 6275.84 38998.6 16191.4 18341.7 16442.3 12801.9
23386.8 0.83678 4508.49 3665.39 4400.72 6275.82 38998.6 16191.4 18341.7 16442.3 12801.9
23386.9 0.836782 4508.49 3665.39 4400.73 6275.83 38998.6 16191.4 18341.7 16442.3 12801.9
23386.9 0.836781 4508.49 3665.39 4400.73 6275.83 38998.6 16191.4 18341.7 16442.3 12801.9
23386.9 0.836783 4508.5 3665.4 4400.73 6275.84 38998.6 16191.4 18341.7 16442.3 12801.9
23386.9 0.83678 4508.49 3665.39 4400.72 6275.82 38998.6 16191.4 18341.7 16442.3 12801.9
23386.9 0.836782 4508.49 3665.39 4400.73 6275.83 38998.6 16191.4 18341.7 16442.3 12801.9
23386.9 0.836781 4508.49 3665.39 4400.73 6275.83 38998.6 16191.4 18341.7 16442.3 12801.9
23387.1 0.836786 4508.52 3665.41 4400.75 6275.86 38998.6 16191.4 18341.7 16442.3 12801.9
23386.7 0.836776 4508.47 3665.37 4400.7 6275.79 38998.6 16191.4 18341.7 16442.3 12801.9
23386.9 0.836782 4508.49 3665.4 4400.73 6275.83 38998.6 16191.4 18341.7 16442.3 12801.9
23386.9 0.836781 4508.49 3665.39 4400.73 6275.83 38998.6 16191.4 18341.7 16442.3 12801.9
23387 0.836785 4508.51 3665.41 4400.75 6275.85 38998.6 16191.4 18341.7 16442.3 12801.9
23386.8 0.836778 4508.47 3665.38 4400.71 6275.8 38998.6 16191.4 18341.7 16442.3 12801.9
23386.9 0.836782 4508.49 3665.4 4400.73 6275.83 38998.6 16191.4 18341.7 16442.3 12801.9
23386.9 0.836781 4508.49 3665.39 4400.73 6275.83 38998.6 16191.4 18341.7 16442.3 12801.9
23387 0.836785 4508.51 3665.41 4400.75 6275.86 38998.6 16191.4 18341.7 16442.3 12801.9
23386.7 0.836777 4508.47 3665.38 4400.71 6275.8 38998.6 16191.4 18341.7 16442.3 12801.9
23386.9 0.836782 4508.49 3665.4 4400.73 6275.83 38998.6 16191.4 18341.7 16442.3 12801.9
23386.9 0.836781 4508.49 3665.39 4400.73 6275.83 38998.6 16191.4 18341.7 16442.3 12801.9
23387.1 0.836787 4508.52 3665.42 4400.76 6275.87 38998.6 16191.4 18341.7 16442.3 12801.9
23386.7 0.836776 4508.46 3665.37 4400.7 6275.79 38998.6 16191.4 18341.7 16442.3 12801.9
23386.9 0.836782 4508.49 3665.4 4400.73 6275.83 38998.6 16191.4 18341.7 16442.3 12801.9
23386.9 0.836781 4508.49 3665.39 4400.73 6275.82 38998.6 16191.4 18341.7 16442.3 12801.9
23387.6 0.836812 4508.64 3665.52 4400.88 6276.03 38998.6 16191.4 18341.7 16442.3 12801.9
23386.2 0.836751 4508.34 3665.27 4400.58 6275.62 38998.6 16191.4 18341.7 16442.3 12801.9
23387 0.836784 4508.51 3665.41 4400.74 6275.85 38998.6 16191.4 18341.7 16442.3 12801.9
23386.8 0.836778 4508.48 3665.38 4400.71 6275.81 38998.6 16191.4 18341.7 16442.3 12801.9
23388.2 0.836838 4508.8 3665.64 4401.03 6276.25 38998.7 16191.4 18341.7 16442.3 12801.9
23385.6 0.836725 4508.19 3665.15 4400.43 6275.41 38998.6 16191.4 18341.7 16442.3 12801.9
23387 0.836787 4508.52 3665.42 4400.76 6275.87 38998.6 16191.4 18341.7 16442.3 12801.9
23386.8 0.836776 4508.46 3665.37 4400.7 6275.79 38998.6 16191.4 18341.7 16442.3 12801.9
23387.5 0.836798 4508.59 3665.47 4400.83 6275.98 38998.7 16191.4 18341.7 16442.3 12801.9
23386.3 0.836765 4508.39 3665.31 4400.63 6275.68 38998.6 16191.4 18341.7 16442.3 12801.9
23387 0.836783 4508.5 3665.4 4400.74 6275.84 38998.6 16191.4 18341.7 16442.3 12801.9
23386.8 0.83678 4508.48 3665.39 4400.72 6275.81 38998.6 16191.4 18341.7 16442.3 12801.9
23387 0.836784 4508.51 3665.41 4400.74 6275.85 38998.7 16191.4 18341.7 16442.3 12801.9
23386.8 0.836779 4508.48 3665.38 4400.71 6275.8 38998.6 16191.4 18341.7 16442.3 12801.9
23386.9 0.836782 4508.49 3665.4 4400.73 6275.83 38998.6 16191.4 18341.7 16442.3 12801.9
23386.9 0.836781 4508.49 3665.39 4400.73 6275.83 38998.6 16191.4 18341.7 16442.3 12801.9
23386.9 0.836781 4508.49 3665.39 4400.73 6275.83 38998.6 16191.4 18341.7 16442.3 12801.9
23386.9 0.836781 4508.49 3665.39 4400.73 6275.83 38998.6 16191.4 18341.7 16442.3 12801.9
23386.9 0.836781 4508.49 3665.39 4400.73 6275.83 38998.6 16191.4 18341.7 16442.3 12801.9
23386.9 0.836781 4508.49 3665.39 4400.73 6275.83 38998.6 16191.4 18341.7 16442.3 12801.9
23386.9 0.836781 4508.49 3665.39 4400.73 6275.83 38998.6 16191.4 18341.7 16442.3 12801.9
23386.9 0.836781 4508.49 3665.39 4400.73 6275.83 38998.6 16191.4 18341.7 16442.3 12801.9
23386.9 0.836781 4508.49 3665.39 4400.73 6275.83 38998.6 16191.4 18341.7 16442.3 12801.9
23386.9 0.836781 4508.49 3665.39 4400.73 6275.83 38998.6 16191.4 18341.7 16442.3 12801.9
23386.9 0.836781 4508.49 3665.39 4400.73 6275.83 38998.6 16191.4 18341.7 16442.3 12801.9
23386.9 0.836781 4508.49 3665.39 4400.73 6275.83 38998.6 16191.4 18341.7 16442.3 12801.9
23386.9 0.836781 4508.49 3665.39 4400.73 6275.83 38998.6 16191.4 18341.7 16442.3 12801.9
23386.9 0.836781 4508.49 3665.39 4400.73 6275.83 38998.6 16191.4 18341.7 16442.3 12801.9
23386.9 0.836781 4508.49 3665.39 4400.73 6275.83 38998.6 16191.4 18341.7 16442.3 12801.9
23386.9 0.836781 4508.49 3665.39 4400.73 6275.83 38998.6 16191.4 18341.7 16442.3 12801.9
23386.9 0.836781 4508.49 3665.39 4400.73 6275.83 38998.6 16191.4 18341.7 16442.3 12801.9
23386.9 0.836781 4508.49 3665.39 4400.73 6275.83 38998.6 16191.4 18341.7 16442.3 12801.9
23386.9 0.836781 4508.49 3665.39 4400.73 6275.83 38998.6 16191.4 18341.7 16442.3 12801.9
23386.9 0.836781 4508.49 3665.39 4400.73 6275.83 38998.6 16191.4 18341.7 16442.3 12801.9
23386.9 0.836781 4508.49 3665.39 4400.73 6275.83 38998.6 16191.4 18341.7 16442.3 12801.9
23386.9 0.836781 4508.49 3665.39 4400.73 6275.83 38998.6 16191.4 18341.7 16442.3 12801.9
23386.9 0.836781 4508.49 3665.39 4400.73 6275.83 38998.6 16191.4 18341.7 16442.3 12801.9
23386.9 0.836781 4508.49 3665.39 4400.73 6275.83 38998.6 16191.4 18341.7 16442.3 12801.9
23386.9 0.836781 4508.49 3665.39 4400.73 6275.83 38998.6 16191.4 18341.7 16442.3 12801.9
23386.9 0.836781 4508.49 3665.39 4400.73 6275.83 38998.6 16191.4 18341.7 16442.3 12801.9
23386.9 0.836781 4508.49 3665.39 4400.73 6275.83 38998.6 16191.4 18341.7 16442.3 12801.9
23386.9 0.836781 4508.49 3665.39 4400.73 6275.83 38998.6 16191.4 18341.7 16442.3 12801.9
23386.9 0.836781 4508.49 3665.39 4400.73 6275.83 38998.6 16191.4 18341.7 16442.3 12801.9
23386.9 0.836781 4508.49 3665.39 4400.73 6275.83 38998.6 16191.4 18341.7 16442.3 12801.9
23386.9 0.836781 4508.49 3665.39 4400.73 6275.83 38998.6 16191.4 18341.7 16442.3 12801.9
23386.9 0.836781 4508.49 3665.39 4400.73 6275.83 38998.6 16191.4 18341.7 16442.3 12801.9
23386.9 0.836781 4508.49 3665.39 4400.73 6275.83 38998.6 16191.4 18341.7 16442.3 12801.9
23386.9 0.836781 4508.49 3665.39 4400.73 6275.83 38998.6 16191.4 18341.7 16442.3 12801.9
23386.9 0.836781 4508.49 3665.39 4400.73 6275.83 38998.6 16191.4 18341.7 16442.3 12801.9
23386.9 0.836781 4508.49 3665.39 4400.73 6275.83 38998.6 16191.4 18341.7 16442.3 12801.9
23386.9 0.836781 4508.49 3665.39 4400.73 6275.83 38998.6 16191.4 18341.7 16442.3 12801.9
23386.9 0.836781 4508.49 3665.39 4400.73 6275.83 38998.6 16191.4 18341.7 16442.3 12801.9
23386.9 0.836781 4508.49 3665.39 4400.73 6275.83 38998.6 16191.4 18341.7 16442.3 12801.9
23386.9 0.836781 4508.49 3665.39 4400.73 6275.83 38998.6 16191.4 18341.7 16442.3 12801.9
23386.9 0.836781 4508.49 3665.39 4400.73 6275.83 38998.6 16191.4 18341.7 16442.3 12801.9
23386.9 0.836781 4508.49 3665.39 4400.73 6275.83 38998.6 16191.4 18341.7 16442.3 12801.9
23386.9 0.836781 4508.49 3665.39 4400.73 6275.83 38998.6 16191.4 18341.7 16442.3 12801.9
23386.9 0.836781 4508.49 3665.39 4400.73 6275.83 38998.6 16191.4 18341.7 16442.3 12801.9
23386.9 0.836781 4508.49 3665.39 4400.73 6275.83 38998.6 16191.4 18341.7 16442.3 12801.9
23386.9 0.836781 4508.49 3665.39 4400.73 6275.83 38998.6 16191.4 18341.7 16442.3 12801.9
23386.9 0.836781 4508.49 3665.39 4400.73 6275.83 38998.6 16191.4 18341.7 16442.3 12801.9
23386.9 0.836781 4508.49 3665.39 4400.73 6275.83 38998.6 16191.4 18341.7 16442.3 12801.9
23386.9 0.836781 4508.49 3665.39 4400.73 6275.83 38998.6 16191.4 18341.7 16442.3 12801.9
23386.9 0.836781 4508.49 3665.39 4400.73 6275.83 38998.6 16191.4 18341.7 16442.3 12801.9
23386.9 0.836781 4508.49 3665.39 4400.73 6275.83 38998.6 16191.4 18341.7 16442.3 12801.9
23386.9 0.836781 4508.49 3665.39 4400.73 6275.83 38998.6 16191.4 18341.7 16442.3 12801.9
23386.9 0.836781 4508.49 3665.39 4400.73 6275.83 38998.6 16191.4 18341.7 16442.3 12801.9
23386.9 0.836781 4508.49 3665.39 4400.73 6275.83 38998.6 16191.4 18341.7 16442.3 12801.9
23386.9 0.836781 4508.49 3665.39 4400.73 6275.83 38998.6 16191.4 18341.7 16442.3 12801.9
23386.9 0.836781 4508.49 3665.39 4400.73 6275.83 38998.6 16191.4 18341.7 16442.3 12801.9
23386.9 0.836781 4508.49 3665.39 4400.73 6275.83 38998.6 16191.4 18341.7 16442.3 12801.9
23386.9 0.836781 4508.49 3665.39 4400.73 6275.83 38998.6 16191.4 18341.7 16442.3 12801.9
23386.9 0.836781 4508.49 3665.39 4400.73 6275.83 38998.6 16191.4 18341.7 16442.3 12801.9
23386.9 0.836781 4508.49 3665.39 4400.73 6275.83 38998.6 16191.4 18341.7 16442.3 12801.9
23386.9 0.836781 4508.49 3665.39 4400.73 6275.83 38998.6 16191.4 18341.7 16442.3 12801.9
23386.9 0.836781 4508.49 3665.39 4400.73 6275.83 38998.6 16191.4 18341.7 16442.3 12801.9
23386.9 0.836781 4508.49 3665.39 4400.73 6275.83 38998.6 16191.4 18341.7 16442.3 12801.9
23386.9 0.836781 4508.49 3665.39 4400.73 6275.83 38998.6 16191.4 18341.7 16442.3 12801.9
23386.9 0.836781 4508.49 3665.39 4400.73 6275.83 38998.6 16191.4 18341.7 16442.3 12801.9
23386.9 0.836781 4508.49 3665.39 4400.73 6275.83 38998.6 16191.4 18341.7 16442.3 12801.9
23386.9 0.836781 4508.49 3665.39 4400.73 6275.83 38998.6 16191.4 18341.7 16442.3 12801.9
23386.9 0.836781 4508.49 3665.39 4400.73 6275.83 38998.6 16191.4 18341.7 16442.3 12801.9
23386.9 0.836781 4508.49 3665.39 4400.73 6275.83 38998.6 16191.4 18341.7 16442.3 12801.9
23386.9 0.836781 4508.49 3665.39 4400.73 6275.83 38998.6 16191.4 18341.7 16442.3 12801.9
23386.9 0.836781 4508.49 3665.39 4400.73 6275.83 38998.6 16191.4 18341.7 16442.3 12801.9
23386.9 0.836781 4508.49 3665.39 4400.73 6275.83 38998.6 16191.4 18341.7 16442.3 12801.9
23386.9 0.836781 4508.49 3665.39 4400.73 6275.83 38998.6 16191.4 18341.7 16442.3 12801.9
23386.9 0.836781 4508.49 3665.39 4400.73 6275.83 38998.6 16191.4 18341.7 16442.3 12801.9
23386.9 0.836781 4508.49 3665.39 4400.73 6275.83 38998.6 16191.4 18341.7 16442.3 12801.9
23386.9 0.836781 4508.49 3665.39 4400.73 6275.83 38998.6 16191.4 18341.7 16442.3 12801.9
23386.9 0.836781 4508.49 3665.39 4400.73 6275.83 38998.6 16191.4 18341.7 16442.3 12801.9
23386.9 0.836781 4508.49 3665.39 4400.73 6275.83 38998.6 16191.4 18341.7 16442.3 12801.9
23386.9 0.836781 4508.49 3665.39 4400.73 6275.83 38998.6 16191.4 18341.7 16442.3 12801.9
23386.9 0.836781 4508.49 3665.39 4400.73 6275.83 38998.6 16191.4 18341.7 16442.3 12801.9
23386.9 0.836781 4508.49 3665.39 4400.73 6275.83 38998.6 16191.4 18341.7 16442.3 12801.9
23386.9 0.836781 4508.49 3665.39 4400.73 6275.83 38998.6 16191.4 18341.7 16442.3 12801.9
23386.9 0.836781 4508.49 3665.39 4400.73 6275.83 38998.6 16191.4 18341.7 16442.3 12801.9
23386.9 0.836781 4508.49 3665.39 4400.73 6275.83 38998.6 16191.4 18341.7 16442.3 12801.9
23386.9 0.836781 4508.49 3665.39 4400.73 6275.83 38998.6 16191.4 18341.7 16442.3 12801.9
23386.9 0.836781 4508.49 3665.39 4400.73 6275.83 38998.6 16191.4 18341.7 16442.3 12801.9
23386.9 0.836781 4508.49 3665.39 4400.73 6275.83 38998.6 16191.4 18341.7 16442.3 12801.9
23386.9 0.836781 4508.49 3665.39 4400.73 6275.83 38998.6 16191.4 18341.7 16442.3 12801.9
23386.9 0.836781 4508.49 3665.39 4400.73 6275.83 38998.6 16191.4 18341.7 16442.3 12801.9
23386.9 0.836781 4508.49 3665.39 4400.73 6275.83 38998.6 16191.4 18341.7 16442.3 12801.9
23386.9 0.836781 4508.49 3665.39 4400.73 6275.83 38998.6 16191.4 18341.7 16442.3 12801.9
23386.9 0.836781 4508.49 3665.39 4400.73 6275.83 38998.6 16191.4 18341.7 16442.3 12801.9
23386.9 0.836781 4508.49 3665.39 4400.73 6275.83 38998.6 16191.4 18341.7 16442.3 12801.9
23386.9 0.836781 4508.49 3665.39 4400.73 6275.83 38998.6 16191.4 18341.7 16442.3 12801.9
23386.9 0.836781 4508.49 3665.39 4400.73 6275.83 38998.6 16191.4 18341.7 16442.3 12801.9
23386.9 0.836781 4508.49 3665.39 4400.73 6275.83 38998.6 16191.4 18341.7 16442.3 12801.9
23386.9 0.836781 4508.49 3665.39 4400.73 6275.83 38998.6 16191.4 18341.7 16442.3 12801.9
23386.9 0.836781 4508.49 3665.39 4400.73 6275.83 38998.6 16191.4 18341.7 16442.3 12801.9
23386.9 0.836781 4508.49 3665.39 4400.73 6275.83 38998.6 16191.4 18341.7 16442.3 12801.9
23386.9 0.836781 4508.49 3665.39 4400.73 6275.83 38998.6 16191.4 18341.7 16442.3 12801.9
23386.9 0.836781 4508.49 3665.39 4400.73 6275.83 38998.6 16191.4 18341.7 16442.3 12801.9
23386.9 0.836781 4508.49 3665.39 4400.73 6275.83 38998.6 16191.4 18341.7 16442.3 12801.9
23386.9 0.836781 4508.49 3665.39 4400.73 6275.83 38998.6 16191.4 18341.7 16442.3 12801.9
23386.9 0.836781 4508.49 3665.39 4400.73 6275.83 38998.6 16191.4 18341.7 16442.3 12801.9
23386.9 0.836781 4508.49 3665.39 4400.73 6275.83 38998.6 16191.4 18341.7 16442.3 12801.9
23386.9 0.836781 4508.49 3665.39 4400.73 6275.83 38998.6 16191.4 18341.7 16442.3 12801.9
23386.9 0.836781 4508.49 3665.39 4400.73 6275.83 38998.6 16191.4 18341.7 16442.3 12801.9
23386.9 0.836781 4508.49 3665.39 4400.73 6275.83 38998.6 16191.4 18341.7 16442.3 12801.9
23386.9 0.836781 4508.49 3665.39 4400.73 6275.83 38998.6 16191.4 18341.7 16442.3 12801.9
23386.9 0.836781 4508.49 3665.39 4400.73 6275.83 38998.6 16191.4 18341.7 16442.3 12801.9
23386.9 0.836781 4508.49 3665.39 4400.73 6275.83 38998.6 16191.4 18341.7 16442.3 12801.9
23386.9 0.836781 4508.49 3665.39 4400.73 6275.83 38998.6 16191.4 18341.7 16442.3 12801.9
23386.9 0.836781 4508.49 3665.39 4400.73 6275.83 38998.6 16191.4 18341.7 16442.3 12801.9
23386.9 0.836781 4508.49 3665.39 4400.73 6275.83 38998.6 16191.4 18341.7 16442.3 12801.9
23386.9 0.836781 4508.49 3665.39 4400.73 6275.83 38998.6 16191.4 18341.7 16442.3 12801.9
23386.9 0.836781 4508.49 3665.39 4400.73 6275.83 38998.6 16191.4 18341.7 16442.3 12801.9
23386.9 0.836781 4508.49 3665.39 4400.73 6275.83 38998.6 16191.4 18341.7 16442.3 12801.9
23386.9 0.836781 4508.49 3665.39 4400.73 6275.83 38998.6 16191.4 18341.7 16442.3 12801.9
23386.9 0.836781 4508.49 3665.39 4400.73 6275.83 38998.6 16191.4 18341.7 16442.3 12801.9
23386.9 0.836781 4508.49 3665.39 4400.73 6275.83 38998.6 16191.4 18341.7 16442.3 12801.9
23386.9 0.836781 4508.49 3665.39 4400.73 6275.83 38998.6 16191.4 18341.7 16442.3 12801.9
23386.9 0.836781 4508.49 3665.39 4400.73 6275.83 38998.6 16191.4 18341.7 16442.3 12801.9
23386.9 0.836781 4508.49 3665.39 4400.73 6275.83 38998.6 16191.4 18341.7 16442.3 12801.9
23386.9 0.836781 4508.49 3665.39 4400.73 6275.83 38998.6 16191.4 18341.7 16442.3 12801.9
23386.9 0.836781 4508.49 3665.39 4400.73 6275.83 38998.6 16191.4 18341.7 16442.3 12801.9
23386.9 0.836781 4508.49 3665.39 4400.73 6275.83 38998.6 16191.4 18341.7 16442.3 12801.9
23386.9 0.836781 4508.49 3665.39 4400.73 6275.83 38998.6 16191.4 18341.7 16442.3 12801.9
23386.9 0.836781 4508.49 3665.39 4400.73 6275.83 38998.6 16191.4 18341.7 16442.3 12801.9
23386.9 0.836781 4508.49 3665.39 4400.73 6275.83 38998.6 16191.4 18341.7 16442.3 12801.9
23386.9 0.836781 4508.49 3665.39 4400.73 6275.83 38998.6 16191.4 18341.7 16442.3 12801.9
23386.9 0.836781 4508.49 3665.39 4400.73 6275.83 38998.6 16191.4 18341.7 16442.3 12801.9
23386.9 0.836781 4508.49 3665.39 4400.73 6275.83 38998.6 16191.4 18341.7 16442.3 12801.9
23386.9 0.836781 4508.49 3665.39 4400.73 6275.83 38998.6 16191.4 18341.7 16442.3 12801.9
23386.9 0.836781 4508.49 3665.39 4400.73 6275.83 38998.6 16191.4 18341.7 16442.3 12801.9
23386.9 0.836781 4508.49 3665.39 4400.73 6275.83 38998.6 16191.4 18341.7 16442.3 12801.9
23386.9 0.836781 4508.49 3665.39 4400.73 6275.83 38998.6 16191.4 18341.7 16442.3 12801.9
23386.9 0.836781 4508.49 3665.39 4400.73 6275.83 38998.6 16191.4 18341.7 16442.3 12801.9
23386.9 0.836781 4508.49 3665.39 4400.73 6275.83 38998.6 16191.4 18341.7 16442.3 12801.9
23386.9 0.836781 4508.49 3665.39 4400.73 6275.83 38998.6 16191.4 18341.7 16442.3 12801.9
23386.9 0.836781 4508.49 3665.39 4400.73 6275.83 38998.6 16191.4 18341.7 16442.3 12801.9
23386.9 0.836781 4508.49 3665.39 4400.73 6275.83 38998.6 16191.4 18341.7 16442.3 12801.9
23386.9 0.836781 4508.49 3665.39 4400.73 6275.83 38998.6 16191.4 18341.7 16442.3 12801.9
23386.9 0.836781 4508.49 3665.39 4400.73 6275.83 38998.6 16191.4 18341.7 16442.3 12801.9
23386.9 0.836781 4508.49 3665.39 4400.73 6275.83 38998.6 16191.4 18341.7 16442.3 12801.9
23386.9 0.836781 4508.49 3665.39 4400.73 6275.83 38998.6 16191.4 18341.7 16442.3 12801.9
23386.9 0.836781 4508.49 3665.39 4400.73 6275.83 38998.6 16191.4 18341.7 16442.3 12801.9
23386.9 0.836781 4508.49 3665.39 4400.73 6275.83 38998.6 16191.4 18341.7 16442.3 12801.9
23386.9 0.836781 4508.49 3665.39 4400.73 6275.83 38998.6 16191.4 18341.7 16442.3 12801.9
23386.9 0.836781 4508.49 3665.39 4400.73 6275.83 38998.6 16191.4 18341.7 16442.3 12801.9
23386.9 0.836781 4508.49 3665.39 4400.73 6275.83 38998.6 16191.4 18341.7 16442.3 12801.9
23386.9 0.836781 4508.49 3665.39 4400.73 6275.83 38998.6 16191.4 18341.7 16442.3 12801.9
23386.9 0.836781 4508.49 3665.39 4400.73 6275.83 38998.6 16191.4 18341.7 16442.3 12801.9
23386.9 0.836781 4508.49 3665.39 4400.73 6275.83 38998.6 16191.4 18341.7 16442.3 12801.9
23386.9 0.836781 4508.49 3665.39 4400.73 6275.83 38998.6 16191.4 18341.7 16442.3 12801.9
23386.9 0.836781 4508.49 3665.39 4400.73 6275.83 38998.6 16191.4 18341.7 16442.3 12801.9
23386.9 0.836781 4508.49 3665.39 4400.73 6275.83 38998.6 16191.4 18341.7 16442.3 12801.9
23386.9 0.836781 4508.49 3665.39 4400.73 6275.83 38998.6 16191.4 18341.7 16442.3 12801.9
23386.9 0.836781 4508.49 3665.39 4400.73 6275.83 38998.6 16191.4 18341.7 16442.3 12801.9
23386.9 0.836781 4508.49 3665.39 4400.73 6275.83 38998.6 16191.4 18341.7 16442.3 12801.9
23386.9 0.836781 4508.49 3665.39 4400.73 6275.83 38998.6 16191.4 18341.7 16442.3 12801.9
23386.9 0.836781 4508.49 3665.39 4400.73 6275.83 38998.6 16191.4 18341.7 16442.3 12801.9
23386.9 0.836781 4508.49 3665.39 4400.73 6275.83 38998.6 16191.4 18341.7 16442.3 12801.9
23386.9 0.836781 4508.49 3665.39 4400.73 6275.83 38998.6 16191.4 18341.7 16442.3 12801.9
23386.9 0.836781 4508.49 3665.39 4400.73 6275.83 38998.6 16191.4 18341.7 16442.3 12801.9
23386.9 0.836781 4508.49 3665.39 4400.73 6275.83 38998.6 16191.4 18341.7 16442.3 12801.9
23386.9 0.836781 4508.49 3665.39 4400.73 6275.83 38998.6 16191.4 18341.7 16442.3 12801.9
23386.9 0.836781 4508.49 3665.39 4400.73 6275.83 38998.6 16191.4 18341.7 16442.3 12801.9
23386.9 0.836782 4508.49 3665.39 4400.73 6275.83 38998.6 16191.4 18341.7 16442.3 12801.9
23386.9 0.836781 4508.49 3665.39 4400.73 6275.83 38998.6 16191.4 18341.7 16442.3 12801.9
23386.9 0.836781 4508.49 3665.39 4400.73 6275.83 38998.6 16191.4 18341.7 16442.3 12801.9
23386.9 0.836781 4508.49 3665.39 4400.73 6275.83 38998.6 16191.4 18341.7 16442.3 12801.9
23386.9 0.836782 4508.49 3665.39 4400.73 6275.83 38998.6 16191.4 18341.7 16442.3 12801.9
23386.9 0.836781 4508.49 3665.39 4400.73 6275.83 38998.6 16191.4 18341.7 16442.3 12801.9
23386.9 0.836781 4508.49 3665.39 4400.73 6275.83 38998.6 16191.4 18341.7 16442.3 12801.9
23386.9 0.836781 4508.49 3665.39 4400.73 6275.83 38998.6 16191.4 18341.7 16442.3 12801.9
23386.9 0.836782 4508.49 3665.4 4400.73 6275.83 38998.6 16191.4 18341.7 16442.3 12801.9
23386.9 0.836781 4508.49 3665.39 4400.73 6275.83 38998.6 16191.4 18341.7 16442.3 12801.9
23386.9 0.836781 4508.49 3665.39 4400.73 6275.83 38998.6 16191.4 18341.7 16442.3 12801.9
23386.9 0.83678 4508.49 3665.39 4400.72 6275.82 38998.6 16191.4 18341.7 16442.3 12801.9
23386.9 0.836782 4508.5 3665.4 4400.73 6275.84 38998.6 16191.4 18341.7 16442.3 12801.9
23386.9 0.836781 4508.49 3665.39 4400.73 6275.83 38998.6 16191.4 18341.7 16442.3 12801.9
23386.9 0.836782 4508.49 3665.39 4400.73 6275.83 38998.6 16191.4 18341.7 16442.3 12801.9
23386.8 0.836779 4508.48 3665.39 4400.72 6275.81 38998.6 16191.4 18341.7 16442.3 12801.9
23387 0.836784 4508.5 3665.4 4400.74 6275.84 38998.6 16191.4 18341.7 16442.3 12801.9
23386.9 0.836781 4508.49 3665.39 4400.73 6275.83 38998.6 16191.4 18341.7 16442.3 12801.9
23386.9 0.836782 4508.49 3665.4 4400.73 6275.83 38998.6 16191.4 18341.7 16442.3 12801.9
23386.8 0.836778 4508.47 3665.38 4400.71 6275.8 38998.6 16191.4 18341.7 16442.3 12801.9
23387 0.836785 4508.51 3665.41 4400.75 6275.85 38998.6 16191.4 18341.7 16442.3 12801.9
23386.9 0.836781 4508.49 3665.39 4400.73 6275.83 38998.6 16191.4 18341.7 16442.3 12801.9
23386.9 0.836782 4508.49 3665.4 4400.73 6275.83 38998.6 16191.4 18341.7 16442.3 12801.9
23386.7 0.836776 4508.46 3665.37 4400.7 6275.79 38998.6 16191.4 18341.7 16442.3 12801.9
23387.1 0.836787 4508.52 3665.42 4400.76 6275.87 38998.6 16191.4 18341.7 16442.3 12801.9
23386.9 0.836781 4508.49 3665.39 4400.73 6275.82 38998.6 16191.4 18341.7 16442.3 12801.9
23386.9 0.836782 4508.49 3665.4 4400.73 6275.83 38998.6 16191.4 18341.7 16442.3 12801.9
23386.6 0.836772 4508.44 3665.35 4400.68 6275.76 38998.6 16191.4 18341.7 16442.3 12801.9
23387.2 0.836791 4508.54 3665.43 4400.78 6275.89 38998.6 16191.4 18341.7 16442.3 12801.9
23386.9 0.83678 4508.49 3665.39 4400.72 6275.82 38998.6 16191.4 18341.7 16442.3 12801.9
23386.9 0.836782 4508.5 3665.4 4400.73 6275.83 38998.6 16191.4 18341.7 16442.3 12801.9
23386.6 0.836757 4508.37 3665.29 4400.61 6275.66 38998.6 16191.4 18341.7 16442.3 12801.9
23387.2 0.836805 4508.61 3665.5 4400.85 6276 38998.6 16191.4 18341.7 16442.3 12801.9
23386.9 0.836779 4508.48 3665.38 4400.72 6275.81 38998.6 16191.4 18341.7 16442.3 12801.9
23386.9 0.836784 4508.5 3665.4 4400.74 6275.85 38998.6 16191.4 18341.7 16442.3 12801.9
23387.1 0.836781 4508.49 3665.39 4400.73 6275.83 38998.6 16191.4 18341.7 16442.3 12801.9
23386.7 0.836781 4508.49 3665.39 4400.73 6275.83 38998.6 16191.4 18341.7 16442.3 12801.9
23386.9 0.836781 4508.49 3665.39 4400.73 6275.83 38998.6 16191.4 18341.7 16442.3 12801.9
23386.9 0.836781 4508.49 3665.39 4400.73 6275.83 38998.6 16191.4 18341.7 16442.3 12801.9
23386.9 0.836781 4508.49 3665.39 4400.73 6275.83 38998.6 16191.4 18341.7 16442.3 12801.9
23386.9 0.836781 4508.49 3665.39 4400.73 6275.83 38998.6 16191.4 18341.7 16442.3 12801.9
23386.9 0.836781 4508.49 3665.39 4400.73 6275.83 38998.6 16191.4 18341.7 16442.3 12801.9
23386.9 0.836781 4508.49 3665.39 4400.73 6275.83 38998.6 16191.4 18341.7 16442.3 12801.9
23387.1 0.836781 4508.49 3665.39 4400.73 6275.83 38998.6 16191.4 18341.7 16442.3 12801.9
23386.7 0.836781 4508.49 3665.39 4400.73 6275.83 38998.6 16191.4 18341.7 16442.3 12801.9
23386.9 0.836781 4508.49 3665.39 4400.73 6275.83 38998.6 16191.4 18341.7 16442.3 12801.9
23386.9 0.836781 4508.49 3665.39 4400.73 6275.83 38998.6 16191.4 18341.7 16442.3 12801.9
23386.9 0.836782 4508.49 3665.4 4400.73 6275.83 38998.7 16191.4 18341.7 16442.4 12801.9
23386.9 0.836781 4508.49 3665.39 4400.73 6275.83 38998.6 16191.4 18341.6 16442.3 12801.8
23386.9 0.836781 4508.49 3665.39 4400.73 6275.83 38998.7 16191.4 18341.7 16442.3 12801.9
23386.9 0.836781 4508.49 3665.39 4400.73 6275.83 38998.6 16191.4 18341.7 16442.3 12801.9
23386.9 0.836781 4508.49 3665.39 4400.73 6275.83 38998.6 16191.4 18341.7 16442.3 12801.9
23386.9 0.836781 4508.49 3665.39 4400.73 6275.83 38998.6 16191.4 18341.7 16442.3 12801.9
23386.9 0.836781 4508.49 3665.39 4400.73 6275.83 38998.6 16191.4 18341.7 16442.3 12801.9
23386.9 0.836781 4508.49 3665.39 4400.73 6275.83 38998.6 16191.4 18341.7 16442.3 12801.9
23386.9 0.836781 4508.49 3665.39 4400.73 6275.83 38998.6 16191.4 18341.7 16442.3 12801.9
