# Number of parameters = 207  Objective function value = 4940.19  Maximum gradient component = 0.000232076
# log_L50m:
 3.12270
# log_sigma1m:
 0.549306
# log_sigma2m:
 3.90642
# log_L50h:
 3.26045
# log_sigma1h:
 0.857497
# log_sigma2h:
 3.90727
# log_Ro:
6.39739835124
# log_pRm:
-0.693140000000
# dev_log_Ro:
 -0.405681408804 -0.499212453278 -0.605676165601 -0.775307300907 -0.700751659957 0.334639236418 0.543771725355 0.130099559252 -0.408018733321 -0.468854289646 -0.515617075366 -0.559664600661 -0.607078427588 -0.656317643231 -0.641158668652 -0.639448346996 -0.778682335344 -0.943580473275 -0.654723864751 0.155926049270 -0.0968993785341 0.240842559731 0.147441227507 -0.0336922603465 -0.00426912893586 0.276650025873 0.501316153287 -0.00351761244510 0.817993349703 0.702884530922 0.866247068371 0.996636775080 0.868097913979 0.932387396901 0.856290191343 0.949110066358 0.548700549283 0.182132888815 0.230666993941 0.477290218824 0.423848145280 0.213446441032 -0.0939000540397 0.178046641467 -0.0284695104659 -0.229626983074 0.0658878779886 -0.225551707076 -0.0786956913095 -0.0613276713041 -0.349668997915 -0.301919587282 -0.187282657352 0.166192374894 0.263892529763 0.0691701778673 -0.515463509419 -0.0286843254101 -0.0204355781586 -0.0204305680557
# dev_log_Nom:
 -0.101196805633 -0.0760409986979 -0.0564613383268 -0.0412731570121 -0.0296446114539 -0.0456491789155
# dev_log_Noh:
 -0.244735300559 -0.188430138923 -0.142639827413 -0.106970531965 -0.0779985811651 -0.114793477807
# log_Fm:
 -4.58470289313 -3.57124938454 -3.63991580977 -2.74116638525 -2.55807201446 -2.34801566501 -2.26115542032 -2.12426400162 -1.91276972583 -1.83892965784 -3.63161962791 -5.39090625447 -16.2829926884 -16.2338339394 -4.31442573481 -4.40182536656 -3.34385631758 -3.03039456404 -4.78404078938 -3.53129073681 -15.7664661921 -4.83896745318 -1.97533957426 -1.61239895855 -1.66333313213 -1.87771202187 -1.37849966113 -1.23363785781 -1.10398224464 -1.16616989696 -0.866616407178 -0.731692673270 -0.707641414586 -0.925729745460 -0.848408176820 -1.01492149717 -0.816479298196 -1.12847898648 -0.789393054549 -0.805863136420 -1.09398109145 -1.11735772186 -1.53984786636 -1.49535376692 -1.96852499193 -2.07450327102 -2.09453568780 -2.03078401393 -1.89077142101 -1.85730352415 -1.92608593062 -1.94198971295 -2.09028906169 -2.34271271441 -2.31059066386 -2.35499276985 -2.08453643062 -2.47864736215 -2.52418402801 -2.47892175285
# log_Fh:
 -4.11938881105 -3.10278765421 -3.16058760613 -2.27975304628 -2.10380815407 -1.89369704498 -1.80406550276 -1.60941203942 -1.22870910191 -1.20158159374 -3.14585016439 -5.00692259076 -15.9201274954 -15.8770900558 -3.95944268396 -4.04628923169 -2.98366156141 -2.65410301363 -4.40269789370 -3.16507256538 -15.4103954001 -4.43457916294 -1.44204905606 -1.09483749631 -1.07325780455 -1.32220896304 -0.830781193291 -0.610243712118 -0.369636448858 -0.408798247685 -0.122102230864 0.227234864074 0.216096692848 0.438358858490 0.175555126268 0.0568198374402 0.158612109277 -0.409779152667 -0.0109161096808 -0.290481864921 -0.145173100598 -0.140784178879 -0.635864642624 -0.894208366480 -1.35731047824 -1.49740656633 -1.57159918689 -1.35246206890 -1.19637989672 -1.44750062474 -1.36905483738 -1.53057998523 -1.54632886264 -1.84164782323 -1.78711470645 -1.69366484505 -1.47054047721 -1.82915314030 -2.11231692874 -2.22423660262
# log_qflo:
 -3.70520061877
# log_qcru:
 0.697278581764 0.490513237517
# log_Lom:
2.50959926238
# log_cv_edadm:
-2.62720101553
# log_Loh:
2.41591377830
# log_cv_edadh:
-2.63060692049
# log_Mh:
-1.02165124753
# log_Mm:
-1.02165124753
# log_Fref:
 -17.8766976419 -1.28725190901 -1.39680478919
