Bcru CTP1 CTP2 CTP3 CTP4 CTP5 BDp1_fin BDp2_fin BDp3_fin BDp4_fin BDp5_fin
21871.1 0.154307 5608.3 7362.5 5344.57 4555.41 44765 18113.1 14401.3 18773.8 20953.5
21870 0.154302 5608.15 7362.29 5344.42 4555.29 44764.1 18112.7 14401 18773.4 20953
21871.1 0.154307 5608.3 7362.5 5344.57 4555.41 44765 18113.1 14401.3 18773.8 20953.5
21872.5 0.154316 5608.62 7362.91 5344.87 4555.67 44765.5 18113.3 14401.5 18774 20953.7
21871.5 0.154309 5608.38 7362.59 5344.64 4555.47 44765.1 18113.2 14401.4 18773.9 20953.5
21872 0.154313 5608.53 7362.79 5344.78 4555.6 44765.2 18113.2 14401.4 18773.9 20953.5
21872.8 0.154319 5608.76 7363.09 5345 4555.78 44765.3 18113.2 14401.4 18773.9 20953.6
21873.6 0.154327 5609.02 7363.43 5345.25 4556 44765.4 18113.2 14401.4 18773.9 20953.5
21874.5 0.154337 5609.4 7363.93 5345.61 4556.31 44765.5 18113.1 14401.3 18773.8 20953.5
21875.6 0.154351 5609.89 7364.56 5346.07 4556.7 44765.8 18113 14401.1 18773.7 20953.4
21876.7 0.154366 5610.45 7365.29 5346.61 4557.16 44766.1 18112.8 14400.9 18773.6 20953.3
21876.9 0.154378 5610.85 7365.82 5346.99 4557.49 44766.5 18112.7 14400.7 18773.4 20953.2
21876.3 0.154386 5611.14 7366.19 5347.27 4557.72 44767.1 18112.5 14400.5 18773.3 20953.1
21874.7 0.154388 5611.21 7366.29 5347.34 4557.78 44767.9 18112.5 14400.4 18773.3 20953.1
21872.3 0.154387 5611.17 7366.24 5347.3 4557.75 44769.1 18112.6 14400.4 18773.4 20953.3
21869.4 0.154383 5611.01 7366.02 5347.15 4557.62 44770.3 18112.9 14400.6 18773.7 20953.7
21866.8 0.15438 5610.91 7365.87 5347.05 4557.54 44771.4 18113.2 14400.8 18774.1 20954.1
21864.8 0.154389 5611.19 7366.24 5347.32 4557.78 44772.9 18113.6 14401.1 18774.5 20954.6
21864.1 0.154411 5611.95 7367.22 5348.05 4558.4 44774.9 18114.1 14401.4 18775 20955.2
21864.2 0.154441 5613.01 7368.6 5349.06 4559.26 44777.2 18114.7 14401.8 18775.6 20956
21864.3 0.154479 5614.39 7370.39 5350.37 4560.39 44780.3 18115.5 14402.3 18776.5 20957
21864.5 0.154514 5615.65 7372.05 5351.58 4561.42 44783.3 18116.4 14403 18777.4 20958.1
21867 0.154554 5617.1 7373.95 5352.96 4562.59 44785.9 18117.3 14403.7 18778.4 20959.2
21870.8 0.154605 5618.95 7376.38 5354.72 4564.1 44789 18118.5 14404.6 18779.6 20960.6
21872.6 0.154633 5619.98 7377.73 5355.7 4564.93 44791.4 18119.3 14405.3 18780.5 20961.6
21873.2 0.154648 5620.54 7378.47 5356.24 4565.38 44794 18120.2 14405.9 18781.4 20962.6
21873.6 0.154655 5620.79 7378.8 5356.47 4565.58 44796.5 18121.1 14406.6 18782.3 20963.7
21874.2 0.15466 5620.97 7379.04 5356.64 4565.73 44800.2 18122.3 14407.5 18783.6 20965.1
21874.2 0.154657 5620.88 7378.93 5356.56 4565.66 44806.2 18124.1 14408.8 18785.5 20967.4
21874.2 0.154651 5620.64 7378.61 5356.33 4565.46 44815.7 18127.2 14411 18788.7 20971
21875.3 0.154649 5620.55 7378.49 5356.25 4565.39 44827.8 18131.1 14414 18792.9 20975.8
21877.7 0.154658 5620.86 7378.88 5356.54 4565.65 44839 18135.3 14417.2 18797.1 20980.7
21882.9 0.154682 5621.71 7379.98 5357.35 4566.34 44848.1 18138.8 14419.9 18800.8 20984.7
21886.7 0.154692 5622.03 7380.37 5357.66 4566.6 44856.8 18142.1 14422.6 18804.3 20988.7
21887.6 0.154688 5621.85 7380.13 5357.49 4566.47 44862 18144.2 14424.2 18806.4 20991.1
21889.9 0.154697 5622.16 7380.52 5357.79 4566.73 44866.6 18145.9 14425.5 18808.2 20993.1
21889.4 0.15469 5621.86 7380.1 5357.5 4566.48 44870.8 18147.4 14426.6 18809.7 20994.8
21887.3 0.154671 5621.13 7379.14 5356.81 4565.9 44874.7 18148.7 14427.6 18811.1 20996.4
21885 0.154649 5620.35 7378.1 5356.06 4565.27 44879.7 18150.4 14428.8 18812.9 20998.5
21880.5 0.154622 5619.37 7376.83 5355.13 4564.47 44887.1 18153.2 14431 18815.8 21001.8
21880.8 0.154631 5619.73 7377.32 5355.47 4564.75 44898.1 18157.6 14434.4 18820.3 21006.9
21879.8 0.154652 5620.59 7378.5 5356.29 4565.43 44914.2 18164.1 14439.6 18827.1 21014.5
21886.6 0.154755 5624.47 7383.67 5359.98 4568.56 44940.8 18174.9 14448 18838.3 21026.9
21899.9 0.154919 5630.59 7391.79 5365.8 4573.51 44987.3 18194.1 14463.3 18858.3 21049.2
21892.2 0.154957 5632.19 7393.99 5367.31 4574.76 45048.5 18219.9 14483.8 18884.9 21078.9
21897 0.155049 5635.51 7398.34 5370.48 4577.47 45092.8 18237.7 14497.9 18903.5 21099.6
21869.4 0.154895 5629.91 7391 5365.14 4572.92 45119.3 18247.3 14505.1 18913.4 21111
21861.9 0.154845 5628.04 7388.51 5363.36 4571.41 45127.4 18249.4 14506.5 18915.7 21113.7
21852 0.154776 5625.49 7385.15 5360.93 4569.34 45131.4 18250 14506.6 18916.3 21114.6
21846.9 0.154731 5623.8 7382.9 5359.33 4567.98 45132.6 18249.4 14505.9 18915.8 21114.2
21845 0.15471 5622.98 7381.79 5358.55 4567.33 45132.6 18248 14504.5 18914.4 21112.8
21852.5 0.154761 5624.75 7384.07 5360.24 4568.78 45131.1 18246.3 14502.9 18912.7 21111.1
21857.4 0.15479 5625.76 7385.37 5361.2 4569.61 45129.2 18244.8 14501.6 18911.2 21109.5
21862.1 0.154816 5626.7 7386.62 5362.1 4570.37 45126 18242.6 14499.6 18908.9 21107.1
21867.6 0.154847 5627.91 7388.24 5363.25 4571.34 45122.5 18239.9 14497.3 18906.2 21104.3
21863.6 0.154809 5626.65 7386.65 5362.04 4570.29 45118.2 18236.6 14494.2 18902.8 21100.7
21861 0.154776 5625.5 7385.17 5360.95 4569.35 45116.1 18234.9 14492.8 18901.1 21098.9
21862.3 0.154792 5626.07 7385.9 5361.48 4569.81 45117.1 18235.7 14493.5 18901.9 21099.8
21860.7 0.154777 5625.52 7385.18 5360.96 4569.37 45116.1 18234.7 14492.6 18900.9 21098.8
21861.1 0.154779 5625.56 7385.23 5361 4569.4 45116.1 18234.6 14492.5 18900.8 21098.6
21860.3 0.154772 5625.29 7384.88 5360.75 4569.19 45116 18234.5 14492.4 18900.7 21098.6
21861.2 0.154776 5625.42 7385.04 5360.87 4569.3 45116.1 18234.5 14492.4 18900.7 21098.5
21861.4 0.154774 5625.34 7384.92 5360.8 4569.23 45116.6 18234.6 14492.5 18900.9 21098.7
21861.1 0.154772 5625.27 7384.83 5360.73 4569.18 45116.9 18234.7 14492.5 18900.9 21098.8
21860.9 0.154772 5625.3 7384.87 5360.75 4569.2 45117.3 18234.8 14492.6 18901 21098.9
21860.7 0.154772 5625.29 7384.86 5360.75 4569.19 45117.8 18235 14492.7 18901.2 21099.1
21860.8 0.154774 5625.34 7384.93 5360.8 4569.24 45118.6 18235.3 14493 18901.6 21099.5
21861.3 0.154779 5625.52 7385.15 5360.96 4569.38 45119.9 18235.9 14493.4 18902.2 21100.2
21861.5 0.154783 5625.68 7385.37 5361.12 4569.51 45122.1 18236.9 14494.2 18903.2 21101.3
21862.1 0.154794 5626.07 7385.88 5361.49 4569.83 45125.6 18238.4 14495.4 18904.7 21103
21862.6 0.154809 5626.64 7386.64 5362.03 4570.28 45131.5 18240.9 14497.5 18907.3 21105.9
21863.1 0.154829 5627.44 7387.71 5362.79 4570.93 45141 18244.9 14500.7 18911.4 21110.5
21868.1 0.154892 5629.7 7390.69 5364.95 4572.76 45154.3 18250.7 14505.5 18917.5 21117.1
21872.2 0.154945 5631.64 7393.21 5366.79 4574.34 45169.9 18257.8 14511.3 18924.8 21125.2
21874.4 0.154987 5633.11 7395.13 5368.2 4575.54 45187.7 18265.2 14517.2 18932.5 21133.7
21873.3 0.154992 5633.29 7395.37 5368.37 4575.69 45197.7 18269.2 14520.3 18936.6 21138.4
21869.4 0.154968 5632.45 7394.29 5367.57 4575 45203.3 18271.6 14522.2 18939.1 21141.1
21868.7 0.154971 5632.6 7394.48 5367.71 4575.11 45206.1 18272.9 14523.3 18940.4 21142.5
21871.5 0.154993 5633.39 7395.53 5368.46 4575.76 45207.3 18274 14524.3 18941.5 21143.7
21877.4 0.155034 5634.91 7397.54 5369.91 4576.99 45208.5 18275.4 14525.7 18943 21145.2
21890.2 0.155131 5638.49 7402.26 5373.32 4579.89 45210 18277.8 14528 18945.3 21147.5
21909.9 0.155296 5644.62 7410.38 5379.15 4584.84 45211.2 18281.5 14531.7 18949 21151.1
21928.8 0.15545 5650.58 7418.38 5384.81 4589.62 45212.5 18286.5 14536.8 18953.9 21155.9
21932.6 0.155471 5651.4 7419.48 5385.59 4590.28 45213.4 18287.7 14537.9 18955.2 21157.1
21938.4 0.155511 5652.81 7421.31 5386.93 4591.43 45214.1 18288.4 14538.6 18955.9 21157.9
21935.2 0.155489 5652.04 7420.31 5386.2 4590.8 45213.7 18288 14538.3 18955.5 21157.5
21938.9 0.155515 5652.92 7421.45 5387.05 4591.53 45214 18288.5 14538.7 18956 21157.9
21940.5 0.155526 5653.33 7421.98 5387.43 4591.86 45214.2 18288.5 14538.7 18956 21158
21940.2 0.155526 5653.32 7421.96 5387.42 4591.85 45214.5 18288.7 14538.9 18956.2 21158.2
21939.5 0.155527 5653.35 7422.01 5387.46 4591.88 45214.7 18288.9 14539.1 18956.4 21158.4
21940.1 0.15554 5653.8 7422.59 5387.88 4592.24 45215.1 18288.9 14539.1 18956.5 21158.5
21939.8 0.155533 5653.57 7422.3 5387.67 4592.06 45214.9 18288.9 14539.1 18956.4 21158.4
21939 0.155532 5653.51 7422.21 5387.61 4592.01 45215.3 18289 14539.1 18956.5 21158.5
21938.3 0.155532 5653.53 7422.23 5387.63 4592.03 45216 18289.1 14539.2 18956.7 21158.7
21938.2 0.155541 5653.84 7422.63 5387.92 4592.28 45217.1 18289.4 14539.4 18957 21159.1
21935.4 0.15554 5653.81 7422.6 5387.89 4592.25 45218.5 18289.6 14539.5 18957.2 21159.4
21936.8 0.155541 5653.82 7422.62 5387.91 4592.27 45217.7 18289.5 14539.5 18957.1 21159.2
21936.7 0.155543 5653.92 7422.74 5387.99 4592.34 45218.4 18289.6 14539.5 18957.2 21159.4
21937 0.155544 5653.96 7422.79 5388.03 4592.37 45218.7 18289.7 14539.6 18957.3 21159.5
21937 0.155548 5654.08 7422.95 5388.15 4592.48 45218.9 18289.7 14539.6 18957.3 21159.5
21937.2 0.155547 5654.05 7422.9 5388.12 4592.45 45219.1 18289.8 14539.7 18957.4 21159.6
21936 0.155538 5653.71 7422.46 5387.8 4592.18 45219.1 18289.9 14539.8 18957.5 21159.7
21935.1 0.155533 5653.54 7422.24 5387.64 4592.04 45219.1 18290 14539.9 18957.6 21159.8
21935.1 0.155533 5653.53 7422.24 5387.63 4592.03 45219.3 18290.1 14540 18957.7 21159.9
21935 0.155529 5653.47 7422.18 5387.57 4591.97 45220.7 18291.2 14541 18958.8 21161.1
21944.1 0.155585 5655.46 7424.77 5389.47 4593.59 45222.4 18292.9 14542.5 18960.5 21162.8
21967.3 0.155748 5661.26 7432.34 5395 4598.32 45225.7 18296.4 14545.8 18964 21166.4
22007 0.155997 5670.53 7444.6 5403.83 4605.82 45234.2 18303.7 14552.6 18971.4 21174
21972.1 0.155778 5662.39 7433.83 5396.08 4599.24 45226.8 18297.3 14546.6 18964.9 21167.3
21966.8 0.155737 5660.97 7431.99 5394.72 4598.07 45227 18297.6 14546.9 18965.2 21167.6
21969.7 0.15576 5661.75 7433 5395.46 4598.71 45226.9 18297.4 14546.8 18965 21167.4
21966.3 0.15574 5661.06 7432.11 5394.8 4598.15 45227.1 18297.4 14546.7 18965 21167.4
21969 0.155755 5661.6 7432.81 5395.32 4598.59 45226.9 18297.4 14546.8 18965 21167.4
21970.8 0.155768 5662.04 7433.38 5395.74 4598.95 45226.7 18297.3 14546.7 18964.9 21167.3
21969.4 0.155758 5661.71 7432.95 5395.42 4598.67 45226.9 18297.4 14546.7 18965 21167.4
21969 0.155756 5661.6 7432.8 5395.32 4598.59 45226.8 18297.3 14546.7 18965 21167.4
21969 0.155755 5661.59 7432.8 5395.31 4598.58 45226.8 18297.3 14546.7 18965 21167.4
21968.8 0.155754 5661.56 7432.75 5395.28 4598.56 45226.8 18297.3 14546.7 18965 21167.4
21967.5 0.155745 5661.24 7432.33 5394.97 4598.29 45226.8 18297.3 14546.6 18964.9 21167.3
21967.3 0.155742 5661.11 7432.16 5394.85 4598.19 45226.7 18297.3 14546.7 18964.9 21167.3
21968.3 0.155749 5661.37 7432.51 5395.1 4598.4 45226.7 18297.4 14546.7 18965 21167.4
21972.3 0.155778 5662.4 7433.85 5396.08 4599.24 45226.4 18297.5 14547 18965.2 21167.5
21977.6 0.155813 5663.69 7435.53 5397.31 4600.29 45226.3 18297.9 14547.3 18965.5 21167.8
21983.7 0.155854 5665.15 7437.45 5398.7 4601.47 45226.2 18298.3 14547.8 18965.9 21168.2
21991 0.155904 5666.93 7439.77 5400.4 4602.92 45225.3 18298.7 14548.2 18966.3 21168.5
22001.9 0.155976 5669.5 7443.11 5402.85 4605.03 45222.6 18299.4 14549.2 18966.9 21168.9
21996.3 0.155939 5668.19 7441.4 5401.6 4603.96 45224 18299 14548.7 18966.6 21168.7
22002.5 0.155954 5668.71 7442.08 5402.1 4604.39 45224.1 18302.7 14552.6 18970.2 21172.2
21996.6 0.15594 5668.21 7441.43 5401.62 4603.97 45224 18299.2 14548.9 18966.7 21168.9
21995.4 0.155931 5667.89 7441.02 5401.32 4603.71 45223.9 18299.1 14548.8 18966.7 21168.8
21996.2 0.155937 5668.11 7441.3 5401.52 4603.89 45224 18299.2 14548.9 18966.7 21168.8
21996.3 0.155938 5668.15 7441.36 5401.57 4603.93 45223.9 18299.2 14548.9 18966.7 21168.8
21996.5 0.155939 5668.19 7441.41 5401.6 4603.96 45223.9 18299.2 14548.9 18966.7 21168.8
21998 0.155949 5668.55 7441.88 5401.95 4604.25 45223.7 18299.2 14549 18966.8 21168.9
22013.6 0.156051 5672.16 7446.57 5405.39 4607.2 45221.7 18299.7 14549.6 18967.2 21169.1
21999.6 0.15599 5670.71 7445.04 5403.97 4605.89 45211.7 18296.4 14547.2 18963.7 21165.2
22011.7 0.156043 5671.96 7446.35 5405.2 4607.02 45220.4 18299.2 14549.3 18966.7 21168.6
22021.4 0.156088 5673.37 7448.11 5406.56 4608.2 45223.2 18301.2 14551 18968.7 21170.7
22011.9 0.156044 5671.98 7446.39 5405.22 4607.04 45220.4 18299.2 14549.3 18966.7 21168.6
22012 0.156045 5672.01 7446.43 5405.25 4607.06 45220.4 18299.2 14549.3 18966.7 21168.6
22012.1 0.156045 5672.03 7446.45 5405.27 4607.08 45220.4 18299.2 14549.3 18966.7 21168.6
22012.9 0.156051 5672.23 7446.71 5405.46 4607.24 45220.1 18299.2 14549.3 18966.7 21168.5
22021.3 0.156106 5674.21 7449.29 5407.34 4608.85 45217.7 18298.9 14549.2 18966.3 21168.1
22030.2 0.156147 5675.54 7450.96 5408.62 4609.96 45213.1 18298 14548.7 18965.4 21166.8
22039.2 0.156202 5677.5 7453.52 5410.49 4611.56 45208.2 18296.8 14548 18964.1 21165.2
22049.2 0.156258 5679.49 7456.09 5412.38 4613.18 45199 18294 14546 18961.1 21161.8
22061 0.156314 5681.43 7458.6 5414.24 4614.78 45181.4 18288 14541.5 18954.9 21154.7
22074.2 0.156354 5682.78 7460.32 5415.54 4615.9 45147.3 18275.8 14532.2 18942.1 21140.2
22085.9 0.156334 5681.86 7459 5414.67 4615.18 45079.9 18250.5 14512.6 18915.8 21110.4
22079.6 0.156089 5672.68 7446.81 5405.94 4607.77 44944.5 18197.3 14470.9 18860.5 21048.5
22036.2 0.155624 5655.67 7424.42 5389.73 4593.97 44833.5 18150.7 14433.5 18812.3 20994.9
21962.4 0.155011 5633.5 7395.37 5368.6 4575.95 44764.2 18117.9 14406.4 18778.5 20957.9
21889.7 0.154486 5614.64 7370.72 5350.62 4560.6 44751 18107 14396.4 18767.5 20946.4
21872.1 0.154388 5611.18 7366.22 5347.31 4557.76 44768.8 18112.7 14400.6 18773.5 20953.4
21872.6 0.154404 5611.76 7366.99 5347.86 4558.23 44777.2 18116 14403.2 18776.9 20957.2
21873.4 0.15441 5611.99 7367.3 5348.08 4558.42 44778.1 18116.4 14403.5 18777.4 20957.7
21873.6 0.154411 5612.03 7367.35 5348.12 4558.45 44777.7 18116.3 14403.4 18777.2 20957.6
21873.5 0.154411 5612.01 7367.33 5348.1 4558.44 44777.8 18116.3 14403.4 18777.2 20957.6
21873.5 0.154411 5612.01 7367.33 5348.1 4558.44 44777.8 18116.3 14403.4 18777.2 20957.6
21873.5 0.154411 5612.01 7367.33 5348.1 4558.44 44777.8 18116.3 14403.4 18777.2 20957.6
21873.5 0.154411 5612.01 7367.33 5348.1 4558.44 44777.8 18116.3 14403.4 18777.2 20957.6
21873.5 0.154411 5612.01 7367.33 5348.1 4558.44 44777.8 18116.3 14403.4 18777.2 20957.6
21873.5 0.154411 5612.01 7367.33 5348.1 4558.44 44777.8 18116.3 14403.4 18777.2 20957.6
21873.5 0.154411 5612.01 7367.33 5348.1 4558.44 44777.8 18116.3 14403.4 18777.2 20957.6
21873.5 0.154411 5612.01 7367.33 5348.1 4558.44 44777.8 18116.3 14403.4 18777.2 20957.6
21873.5 0.154411 5612.01 7367.33 5348.1 4558.44 44777.8 18116.3 14403.4 18777.2 20957.6
21873.5 0.154411 5612.01 7367.33 5348.1 4558.44 44777.8 18116.3 14403.4 18777.2 20957.6
21873.5 0.154411 5612.01 7367.33 5348.1 4558.44 44777.8 18116.3 14403.4 18777.2 20957.6
21873.5 0.154411 5612.01 7367.33 5348.1 4558.44 44777.8 18116.3 14403.4 18777.2 20957.6
21873.5 0.154411 5612.01 7367.33 5348.1 4558.44 44777.8 18116.3 14403.4 18777.2 20957.6
21873.5 0.154411 5612.01 7367.33 5348.1 4558.44 44777.8 18116.3 14403.4 18777.2 20957.6
21873.5 0.154411 5612.01 7367.33 5348.1 4558.44 44777.8 18116.3 14403.4 18777.2 20957.6
21873.5 0.154411 5612.01 7367.33 5348.1 4558.44 44777.8 18116.3 14403.4 18777.2 20957.6
21873.5 0.154411 5612.01 7367.33 5348.1 4558.44 44777.8 18116.3 14403.4 18777.2 20957.6
21873.5 0.154411 5612.01 7367.33 5348.1 4558.44 44777.8 18116.3 14403.4 18777.2 20957.6
21873.5 0.154411 5612.01 7367.33 5348.1 4558.44 44777.8 18116.3 14403.4 18777.2 20957.6
21873.5 0.154411 5612.01 7367.33 5348.1 4558.44 44777.8 18116.3 14403.4 18777.2 20957.6
21873.5 0.154411 5612.01 7367.33 5348.1 4558.44 44777.8 18116.3 14403.4 18777.2 20957.6
21873.5 0.154411 5612.01 7367.33 5348.1 4558.44 44777.8 18116.3 14403.4 18777.2 20957.6
21873.5 0.154411 5612.01 7367.33 5348.1 4558.44 44777.8 18116.3 14403.4 18777.2 20957.6
21873.5 0.154411 5612.01 7367.33 5348.1 4558.44 44777.8 18116.3 14403.4 18777.2 20957.6
21873.5 0.154411 5612.01 7367.33 5348.1 4558.44 44777.8 18116.3 14403.4 18777.2 20957.6
21873.5 0.154411 5612.01 7367.33 5348.1 4558.44 44777.8 18116.3 14403.4 18777.2 20957.6
21873.5 0.154411 5612.01 7367.33 5348.1 4558.44 44777.8 18116.3 14403.4 18777.2 20957.6
21873.5 0.154411 5612.01 7367.33 5348.1 4558.44 44777.8 18116.3 14403.4 18777.2 20957.6
21873.5 0.154411 5612.01 7367.33 5348.1 4558.44 44777.8 18116.3 14403.4 18777.2 20957.6
21873.5 0.154411 5612.01 7367.33 5348.1 4558.44 44777.8 18116.3 14403.4 18777.2 20957.6
21873.5 0.154411 5612.01 7367.33 5348.1 4558.44 44777.8 18116.3 14403.4 18777.2 20957.6
21873.5 0.154411 5612.01 7367.33 5348.1 4558.44 44777.8 18116.3 14403.4 18777.2 20957.6
21873.5 0.154411 5612.01 7367.33 5348.1 4558.44 44777.8 18116.3 14403.4 18777.2 20957.6
21873.5 0.154411 5612.01 7367.33 5348.1 4558.44 44777.8 18116.3 14403.4 18777.2 20957.6
21873.5 0.154411 5612.01 7367.33 5348.1 4558.44 44777.8 18116.3 14403.4 18777.2 20957.6
21873.5 0.154411 5612.01 7367.33 5348.1 4558.44 44777.8 18116.3 14403.4 18777.2 20957.6
21873.5 0.154411 5612.01 7367.33 5348.1 4558.44 44777.8 18116.3 14403.4 18777.2 20957.6
21873.5 0.154411 5612.01 7367.33 5348.1 4558.44 44777.8 18116.3 14403.4 18777.2 20957.6
21873.5 0.154411 5612.01 7367.33 5348.1 4558.44 44777.8 18116.3 14403.4 18777.2 20957.6
21873.6 0.15441 5612.01 7367.32 5348.1 4558.43 44777.8 18116.4 14403.5 18777.4 20957.7
21873.4 0.154411 5612.02 7367.33 5348.11 4558.44 44777.8 18116.2 14403.3 18777.1 20957.5
21873.5 0.154411 5612.01 7367.33 5348.1 4558.44 44777.8 18116.3 14403.4 18777.3 20957.6
21873.5 0.154411 5612.01 7367.33 5348.1 4558.44 44777.8 18116.3 14403.4 18777.2 20957.6
21873.5 0.154411 5612.01 7367.33 5348.1 4558.44 44777.8 18116.3 14403.4 18777.2 20957.6
21873.5 0.154411 5612.01 7367.33 5348.1 4558.44 44777.8 18116.3 14403.4 18777.2 20957.6
21873.5 0.154411 5612.01 7367.33 5348.1 4558.44 44777.8 18116.3 14403.4 18777.2 20957.6
21873.5 0.154411 5612.01 7367.33 5348.1 4558.44 44777.8 18116.3 14403.4 18777.2 20957.6
21873.5 0.154411 5612.01 7367.33 5348.1 4558.44 44777.8 18116.3 14403.4 18777.2 20957.6
21873.5 0.154411 5612.01 7367.33 5348.1 4558.44 44777.8 18116.3 14403.4 18777.2 20957.6
21873.5 0.154411 5612.01 7367.33 5348.1 4558.44 44777.8 18116.3 14403.4 18777.2 20957.6
21873.5 0.154411 5612.01 7367.33 5348.1 4558.44 44777.8 18116.3 14403.4 18777.2 20957.6
21873.5 0.154411 5612.01 7367.33 5348.1 4558.44 44777.8 18116.3 14403.4 18777.2 20957.6
21873.5 0.154411 5612.01 7367.33 5348.1 4558.44 44777.8 18116.3 14403.4 18777.2 20957.6
21873.5 0.154411 5612.01 7367.33 5348.1 4558.44 44777.8 18116.3 14403.4 18777.2 20957.6
21873.5 0.154411 5612.01 7367.33 5348.1 4558.44 44777.8 18116.3 14403.4 18777.2 20957.6
21873.7 0.154412 5612.07 7367.4 5348.15 4558.48 44778.2 18116.5 14403.6 18777.4 20957.8
21873.3 0.154409 5611.96 7367.25 5348.05 4558.39 44777.3 18116.1 14403.3 18777.1 20957.4
21873.5 0.154411 5612.02 7367.33 5348.11 4558.44 44777.8 18116.3 14403.4 18777.3 20957.6
21873.5 0.15441 5612.01 7367.32 5348.1 4558.43 44777.7 18116.3 14403.4 18777.2 20957.5
21873.5 0.154411 5612.01 7367.33 5348.1 4558.44 44777.8 18116.3 14403.4 18777.2 20957.6
21873.5 0.154411 5612.01 7367.33 5348.1 4558.44 44777.8 18116.3 14403.4 18777.2 20957.6
21873.5 0.154411 5612.01 7367.33 5348.1 4558.44 44777.8 18116.3 14403.4 18777.2 20957.6
21873.5 0.154411 5612.01 7367.33 5348.1 4558.44 44777.8 18116.3 14403.4 18777.2 20957.6
21873.5 0.154411 5612.01 7367.33 5348.1 4558.44 44777.8 18116.3 14403.4 18777.2 20957.6
21873.5 0.154411 5612.01 7367.33 5348.1 4558.44 44777.8 18116.3 14403.4 18777.2 20957.6
21873.5 0.154411 5612.01 7367.33 5348.1 4558.44 44777.8 18116.3 14403.4 18777.2 20957.6
21873.5 0.154411 5612.01 7367.33 5348.1 4558.44 44777.8 18116.3 14403.4 18777.2 20957.6
21873.5 0.154411 5612.01 7367.33 5348.1 4558.44 44777.8 18116.3 14403.4 18777.2 20957.6
21873.5 0.154411 5612.01 7367.33 5348.1 4558.44 44777.8 18116.3 14403.4 18777.2 20957.6
21873.5 0.154411 5612.01 7367.33 5348.1 4558.44 44777.8 18116.3 14403.4 18777.2 20957.6
21873.5 0.154411 5612.01 7367.33 5348.1 4558.44 44777.8 18116.3 14403.4 18777.2 20957.6
21873.5 0.154411 5612.01 7367.33 5348.1 4558.44 44777.8 18116.3 14403.4 18777.2 20957.6
21873.5 0.154411 5612.01 7367.33 5348.1 4558.44 44777.8 18116.3 14403.4 18777.2 20957.6
21873.5 0.154411 5612.01 7367.33 5348.1 4558.44 44777.8 18116.3 14403.4 18777.2 20957.6
21873.5 0.154411 5612.01 7367.33 5348.1 4558.44 44777.8 18116.3 14403.4 18777.2 20957.6
21873.5 0.154411 5612.01 7367.33 5348.1 4558.44 44777.8 18116.3 14403.4 18777.2 20957.6
21873.5 0.154411 5612.01 7367.33 5348.1 4558.44 44777.8 18116.3 14403.4 18777.2 20957.6
21873.5 0.154411 5612.01 7367.33 5348.1 4558.44 44777.8 18116.3 14403.4 18777.2 20957.6
21873.5 0.154411 5612.01 7367.33 5348.1 4558.44 44777.8 18116.3 14403.4 18777.2 20957.6
21873.5 0.154411 5612.01 7367.33 5348.1 4558.44 44777.8 18116.3 14403.4 18777.2 20957.6
21873.5 0.154411 5612.01 7367.33 5348.1 4558.44 44777.8 18116.3 14403.4 18777.2 20957.6
21873.5 0.154411 5612.01 7367.33 5348.1 4558.44 44777.8 18116.3 14403.4 18777.2 20957.6
21873.5 0.154411 5612.01 7367.33 5348.1 4558.44 44777.8 18116.3 14403.4 18777.2 20957.6
21873.5 0.154411 5612.01 7367.33 5348.1 4558.44 44777.8 18116.3 14403.4 18777.2 20957.6
21873.5 0.154411 5612.01 7367.33 5348.1 4558.44 44777.8 18116.3 14403.4 18777.2 20957.6
21873.5 0.154411 5612.01 7367.33 5348.1 4558.44 44777.8 18116.3 14403.4 18777.2 20957.6
21873.5 0.154411 5612.01 7367.33 5348.1 4558.44 44777.8 18116.3 14403.4 18777.2 20957.6
21873.5 0.154411 5612.01 7367.33 5348.1 4558.44 44777.8 18116.3 14403.4 18777.2 20957.6
21873.5 0.154411 5612.01 7367.33 5348.1 4558.44 44777.8 18116.3 14403.4 18777.2 20957.6
21873.5 0.154411 5612.01 7367.33 5348.1 4558.44 44777.8 18116.3 14403.4 18777.2 20957.6
21873.5 0.154411 5612.01 7367.33 5348.1 4558.44 44777.8 18116.3 14403.4 18777.2 20957.6
21873.5 0.154411 5612.01 7367.33 5348.1 4558.44 44777.8 18116.3 14403.4 18777.2 20957.6
21873.5 0.154411 5612.01 7367.33 5348.1 4558.44 44777.8 18116.3 14403.4 18777.2 20957.6
21873.5 0.154411 5612.01 7367.33 5348.1 4558.44 44777.8 18116.3 14403.4 18777.2 20957.6
21873.5 0.154411 5612.01 7367.33 5348.1 4558.44 44777.8 18116.3 14403.4 18777.2 20957.6
21873.5 0.154411 5612.01 7367.33 5348.1 4558.44 44777.8 18116.3 14403.4 18777.2 20957.6
21873.5 0.154411 5612.01 7367.33 5348.1 4558.44 44777.8 18116.3 14403.4 18777.2 20957.6
21873.5 0.154411 5612.01 7367.33 5348.1 4558.44 44777.8 18116.3 14403.4 18777.2 20957.6
21873.5 0.154411 5612.01 7367.33 5348.1 4558.44 44777.8 18116.3 14403.4 18777.2 20957.6
21873.5 0.154411 5612.01 7367.33 5348.1 4558.44 44777.8 18116.3 14403.4 18777.2 20957.6
21873.5 0.154411 5612.01 7367.33 5348.1 4558.44 44777.8 18116.3 14403.4 18777.2 20957.6
21873.5 0.154411 5612.01 7367.33 5348.1 4558.44 44777.8 18116.3 14403.4 18777.2 20957.6
21873.5 0.154411 5612.01 7367.33 5348.1 4558.44 44777.8 18116.3 14403.4 18777.2 20957.6
21873.5 0.154411 5612.01 7367.33 5348.1 4558.44 44777.8 18116.3 14403.4 18777.2 20957.6
21873.5 0.154411 5612.01 7367.33 5348.1 4558.44 44777.8 18116.3 14403.4 18777.2 20957.6
21873.5 0.154411 5612.01 7367.33 5348.1 4558.44 44777.8 18116.3 14403.4 18777.2 20957.6
21873.5 0.154411 5612.01 7367.33 5348.1 4558.44 44777.8 18116.3 14403.4 18777.2 20957.6
21873.5 0.154411 5612.01 7367.33 5348.1 4558.44 44777.8 18116.3 14403.4 18777.2 20957.6
21873.5 0.154411 5612.01 7367.33 5348.1 4558.44 44777.8 18116.3 14403.4 18777.2 20957.6
21873.5 0.154411 5612.01 7367.33 5348.1 4558.44 44777.8 18116.3 14403.4 18777.2 20957.6
21873.5 0.154411 5612.01 7367.33 5348.1 4558.44 44777.8 18116.3 14403.4 18777.2 20957.6
21873.5 0.154411 5612.01 7367.33 5348.1 4558.44 44777.8 18116.3 14403.4 18777.2 20957.6
21873.5 0.154411 5612.01 7367.33 5348.1 4558.44 44777.8 18116.3 14403.4 18777.2 20957.6
21873.5 0.154411 5612.01 7367.33 5348.1 4558.44 44777.8 18116.3 14403.4 18777.2 20957.6
21873.5 0.154411 5612.01 7367.33 5348.1 4558.44 44777.8 18116.3 14403.4 18777.2 20957.6
21873.5 0.154411 5612.01 7367.33 5348.1 4558.44 44777.8 18116.3 14403.4 18777.2 20957.6
21873.5 0.154411 5612.01 7367.33 5348.1 4558.44 44777.8 18116.3 14403.4 18777.2 20957.6
21873.5 0.154411 5612.01 7367.33 5348.1 4558.44 44777.8 18116.3 14403.4 18777.2 20957.6
21873.5 0.154411 5612.01 7367.33 5348.1 4558.44 44777.8 18116.3 14403.4 18777.2 20957.6
21873.5 0.154411 5612.01 7367.33 5348.1 4558.44 44777.8 18116.3 14403.4 18777.2 20957.6
21873.5 0.154411 5612.01 7367.33 5348.1 4558.44 44777.8 18116.3 14403.4 18777.2 20957.6
21873.5 0.154411 5612.01 7367.33 5348.1 4558.44 44777.8 18116.3 14403.4 18777.2 20957.6
21873.5 0.154411 5612.01 7367.33 5348.1 4558.44 44777.8 18116.3 14403.4 18777.2 20957.6
21873.5 0.154411 5612.01 7367.33 5348.1 4558.44 44777.8 18116.3 14403.4 18777.2 20957.6
21873.5 0.154411 5612.01 7367.33 5348.1 4558.44 44777.8 18116.3 14403.4 18777.2 20957.6
21873.5 0.154411 5612.01 7367.33 5348.1 4558.44 44777.8 18116.3 14403.4 18777.2 20957.6
21873.5 0.154411 5612.01 7367.33 5348.1 4558.44 44777.8 18116.3 14403.4 18777.2 20957.6
21873.5 0.154411 5612.01 7367.33 5348.1 4558.44 44777.8 18116.3 14403.4 18777.2 20957.6
21873.5 0.154411 5612.01 7367.33 5348.1 4558.44 44777.8 18116.3 14403.4 18777.2 20957.6
21873.5 0.154411 5612.01 7367.33 5348.1 4558.44 44777.8 18116.3 14403.4 18777.2 20957.6
21873.5 0.154411 5612.01 7367.33 5348.1 4558.44 44777.8 18116.3 14403.4 18777.2 20957.6
21873.5 0.154411 5612.01 7367.33 5348.1 4558.44 44777.8 18116.3 14403.4 18777.2 20957.6
21873.5 0.154411 5612.01 7367.33 5348.1 4558.44 44777.8 18116.3 14403.4 18777.2 20957.6
21873.5 0.154411 5612.01 7367.33 5348.1 4558.44 44777.8 18116.3 14403.4 18777.2 20957.6
21873.5 0.154411 5612.01 7367.33 5348.1 4558.44 44777.8 18116.3 14403.4 18777.2 20957.6
21873.5 0.154411 5612.01 7367.33 5348.1 4558.44 44777.8 18116.3 14403.4 18777.2 20957.6
21873.5 0.154411 5612.01 7367.33 5348.1 4558.44 44777.8 18116.3 14403.4 18777.2 20957.6
21873.5 0.154411 5612.01 7367.33 5348.1 4558.44 44777.8 18116.3 14403.4 18777.2 20957.6
21873.5 0.154411 5612.01 7367.33 5348.1 4558.44 44777.8 18116.3 14403.4 18777.2 20957.6
21873.5 0.154411 5612.01 7367.33 5348.1 4558.44 44777.8 18116.3 14403.4 18777.2 20957.6
21873.5 0.154411 5612.01 7367.33 5348.1 4558.44 44777.8 18116.3 14403.4 18777.2 20957.6
21873.5 0.154411 5612.01 7367.33 5348.1 4558.44 44777.8 18116.3 14403.4 18777.2 20957.6
21873.5 0.154411 5612.01 7367.33 5348.1 4558.44 44777.8 18116.3 14403.4 18777.2 20957.6
21873.5 0.154411 5612.01 7367.33 5348.1 4558.44 44777.8 18116.3 14403.4 18777.2 20957.6
21873.5 0.154411 5612.01 7367.33 5348.1 4558.44 44777.8 18116.3 14403.4 18777.2 20957.6
21873.5 0.154411 5612.01 7367.33 5348.1 4558.44 44777.8 18116.3 14403.4 18777.2 20957.6
21873.5 0.154411 5612.01 7367.33 5348.1 4558.44 44777.8 18116.3 14403.4 18777.2 20957.6
21873.5 0.154411 5612.01 7367.33 5348.1 4558.44 44777.8 18116.3 14403.4 18777.2 20957.6
21873.5 0.154411 5612.01 7367.33 5348.1 4558.44 44777.8 18116.3 14403.4 18777.2 20957.6
21873.5 0.154411 5612.01 7367.33 5348.1 4558.44 44777.8 18116.3 14403.4 18777.2 20957.6
21873.5 0.154411 5612.01 7367.33 5348.1 4558.44 44777.8 18116.3 14403.4 18777.2 20957.6
21873.5 0.154411 5612.01 7367.33 5348.1 4558.44 44777.8 18116.3 14403.4 18777.2 20957.6
21873.5 0.154411 5612.01 7367.33 5348.1 4558.44 44777.8 18116.3 14403.4 18777.2 20957.6
21873.5 0.154411 5612.01 7367.33 5348.1 4558.44 44777.8 18116.3 14403.4 18777.2 20957.6
21873.5 0.154411 5612.01 7367.33 5348.1 4558.44 44777.8 18116.3 14403.4 18777.2 20957.6
21873.5 0.154411 5612.01 7367.33 5348.1 4558.44 44777.8 18116.3 14403.4 18777.2 20957.6
21873.5 0.154411 5612.01 7367.33 5348.1 4558.44 44777.8 18116.3 14403.4 18777.2 20957.6
21873.5 0.154411 5612.01 7367.33 5348.1 4558.44 44777.8 18116.3 14403.4 18777.2 20957.6
21873.5 0.154411 5612.01 7367.33 5348.1 4558.44 44777.8 18116.3 14403.4 18777.2 20957.6
21873.5 0.154411 5612.01 7367.33 5348.1 4558.44 44777.8 18116.3 14403.4 18777.2 20957.6
21873.5 0.154411 5612.01 7367.33 5348.1 4558.44 44777.8 18116.3 14403.4 18777.2 20957.6
21873.5 0.154411 5612.01 7367.33 5348.1 4558.44 44777.8 18116.3 14403.4 18777.2 20957.6
21873.5 0.154411 5612.01 7367.33 5348.1 4558.44 44777.8 18116.3 14403.4 18777.2 20957.6
21873.5 0.154411 5612.01 7367.33 5348.1 4558.44 44777.8 18116.3 14403.4 18777.2 20957.6
21873.5 0.154411 5612.01 7367.33 5348.1 4558.44 44777.8 18116.3 14403.4 18777.2 20957.6
21873.5 0.154411 5612.01 7367.33 5348.1 4558.44 44777.8 18116.3 14403.4 18777.2 20957.6
21873.5 0.154411 5612.01 7367.33 5348.1 4558.44 44777.8 18116.3 14403.4 18777.2 20957.6
21873.5 0.154411 5612.01 7367.33 5348.1 4558.44 44777.8 18116.3 14403.4 18777.2 20957.6
21873.5 0.154411 5612.01 7367.33 5348.1 4558.44 44777.8 18116.3 14403.4 18777.2 20957.6
21873.5 0.154411 5612.01 7367.33 5348.1 4558.44 44777.8 18116.3 14403.4 18777.2 20957.6
21873.5 0.154411 5612.01 7367.33 5348.1 4558.44 44777.8 18116.3 14403.4 18777.2 20957.6
21873.5 0.154411 5612.01 7367.33 5348.1 4558.44 44777.8 18116.3 14403.4 18777.2 20957.6
21873.5 0.154411 5612.01 7367.33 5348.1 4558.44 44777.8 18116.3 14403.4 18777.2 20957.6
21873.5 0.154411 5612.01 7367.33 5348.1 4558.44 44777.8 18116.3 14403.4 18777.2 20957.6
21873.5 0.154411 5612.01 7367.33 5348.1 4558.44 44777.8 18116.3 14403.4 18777.2 20957.6
21873.5 0.154411 5612.01 7367.33 5348.1 4558.44 44777.8 18116.3 14403.4 18777.2 20957.6
21873.5 0.154411 5612.01 7367.33 5348.1 4558.44 44777.8 18116.3 14403.4 18777.2 20957.6
21873.5 0.154411 5612.01 7367.33 5348.1 4558.44 44777.8 18116.3 14403.4 18777.2 20957.6
21873.5 0.154411 5612.01 7367.33 5348.1 4558.44 44777.8 18116.3 14403.4 18777.2 20957.6
21873.5 0.154411 5612.01 7367.33 5348.1 4558.44 44777.8 18116.3 14403.4 18777.2 20957.6
21873.5 0.154411 5612.01 7367.33 5348.1 4558.44 44777.8 18116.3 14403.4 18777.2 20957.6
21873.5 0.154411 5612.01 7367.33 5348.1 4558.44 44777.8 18116.3 14403.4 18777.2 20957.6
21873.5 0.154411 5612.01 7367.33 5348.1 4558.44 44777.8 18116.3 14403.4 18777.2 20957.6
21873.5 0.154411 5612.01 7367.33 5348.1 4558.44 44777.8 18116.3 14403.4 18777.2 20957.6
21873.5 0.154411 5612.01 7367.33 5348.1 4558.44 44777.8 18116.3 14403.4 18777.2 20957.6
21873.5 0.154411 5612.01 7367.33 5348.1 4558.44 44777.8 18116.3 14403.4 18777.2 20957.6
21873.5 0.154411 5612.01 7367.33 5348.1 4558.44 44777.8 18116.3 14403.4 18777.2 20957.6
21873.5 0.154411 5612.01 7367.33 5348.1 4558.44 44777.8 18116.3 14403.4 18777.2 20957.6
21873.5 0.154411 5612.01 7367.33 5348.1 4558.44 44777.8 18116.3 14403.4 18777.2 20957.6
21873.5 0.154411 5612.01 7367.33 5348.1 4558.44 44777.8 18116.3 14403.4 18777.2 20957.6
21873.5 0.154411 5612.01 7367.33 5348.1 4558.44 44777.8 18116.3 14403.4 18777.2 20957.6
21873.5 0.154411 5612.01 7367.33 5348.1 4558.44 44777.8 18116.3 14403.4 18777.2 20957.6
21873.5 0.154411 5612.01 7367.33 5348.1 4558.44 44777.8 18116.3 14403.4 18777.2 20957.6
21873.5 0.154411 5612.01 7367.33 5348.1 4558.44 44777.8 18116.3 14403.4 18777.2 20957.6
21873.5 0.154411 5612.01 7367.33 5348.1 4558.44 44777.8 18116.3 14403.4 18777.2 20957.6
21873.5 0.154411 5612.01 7367.33 5348.1 4558.44 44777.8 18116.3 14403.4 18777.2 20957.6
21873.5 0.154411 5612.01 7367.33 5348.1 4558.44 44777.8 18116.3 14403.4 18777.2 20957.6
21873.5 0.154411 5612.01 7367.33 5348.1 4558.44 44777.8 18116.3 14403.4 18777.2 20957.6
21873.5 0.154411 5612.01 7367.33 5348.1 4558.44 44777.8 18116.3 14403.4 18777.2 20957.6
21873.5 0.154411 5612.01 7367.33 5348.1 4558.44 44777.8 18116.3 14403.4 18777.2 20957.6
21873.5 0.154411 5612.01 7367.33 5348.1 4558.44 44777.8 18116.3 14403.4 18777.2 20957.6
21873.5 0.154411 5612.01 7367.33 5348.1 4558.44 44777.8 18116.3 14403.4 18777.2 20957.6
21873.5 0.154411 5612.01 7367.33 5348.1 4558.44 44777.8 18116.3 14403.4 18777.2 20957.6
21873.5 0.154411 5612.01 7367.33 5348.1 4558.44 44777.8 18116.3 14403.4 18777.2 20957.6
21873.5 0.154411 5612.01 7367.33 5348.1 4558.44 44777.8 18116.3 14403.4 18777.2 20957.6
21873.5 0.154411 5612.01 7367.33 5348.1 4558.44 44777.8 18116.3 14403.4 18777.2 20957.6
21873.5 0.154411 5612.01 7367.33 5348.1 4558.44 44777.8 18116.3 14403.4 18777.2 20957.6
21873.5 0.154411 5612.01 7367.33 5348.1 4558.44 44777.8 18116.3 14403.4 18777.2 20957.6
21873.5 0.154411 5612.01 7367.33 5348.1 4558.44 44777.8 18116.3 14403.4 18777.2 20957.6
21873.5 0.154411 5612.01 7367.33 5348.1 4558.44 44777.8 18116.3 14403.4 18777.2 20957.6
21873.5 0.154411 5612.01 7367.33 5348.1 4558.44 44777.8 18116.3 14403.4 18777.2 20957.6
21873.5 0.154411 5612.01 7367.33 5348.1 4558.44 44777.8 18116.3 14403.4 18777.2 20957.6
21873.5 0.154411 5612.01 7367.33 5348.1 4558.44 44777.8 18116.3 14403.4 18777.2 20957.6
21873.5 0.154411 5612.01 7367.33 5348.1 4558.44 44777.8 18116.3 14403.4 18777.2 20957.6
21873.5 0.154411 5612.01 7367.33 5348.1 4558.44 44777.8 18116.3 14403.4 18777.2 20957.6
21873.5 0.154411 5612.01 7367.33 5348.1 4558.44 44777.8 18116.3 14403.4 18777.2 20957.6
21873.5 0.154411 5612.01 7367.33 5348.1 4558.43 44777.8 18116.3 14403.4 18777.2 20957.6
21873.5 0.154411 5612.01 7367.33 5348.1 4558.44 44777.8 18116.3 14403.4 18777.2 20957.6
21873.5 0.154411 5612.01 7367.33 5348.1 4558.44 44777.8 18116.3 14403.4 18777.2 20957.6
21873.5 0.154411 5612.01 7367.33 5348.1 4558.44 44777.8 18116.3 14403.4 18777.2 20957.6
21873.5 0.154411 5612.01 7367.32 5348.1 4558.43 44777.8 18116.3 14403.4 18777.2 20957.6
21873.5 0.154411 5612.01 7367.33 5348.1 4558.44 44777.8 18116.3 14403.4 18777.2 20957.6
21873.5 0.154411 5612.01 7367.33 5348.1 4558.44 44777.8 18116.3 14403.4 18777.2 20957.6
21873.5 0.154411 5612.02 7367.34 5348.11 4558.44 44777.8 18116.3 14403.4 18777.2 20957.6
21873.4 0.15441 5612 7367.32 5348.09 4558.43 44777.8 18116.3 14403.4 18777.2 20957.6
21873.5 0.154411 5612.01 7367.33 5348.1 4558.44 44777.8 18116.3 14403.4 18777.2 20957.6
21873.5 0.154411 5612.01 7367.33 5348.1 4558.43 44777.8 18116.3 14403.4 18777.2 20957.6
21873.6 0.154411 5612.03 7367.35 5348.11 4558.45 44777.8 18116.3 14403.4 18777.2 20957.6
21873.4 0.15441 5612 7367.31 5348.09 4558.42 44777.8 18116.3 14403.4 18777.2 20957.6
21873.5 0.154411 5612.01 7367.33 5348.1 4558.44 44777.8 18116.3 14403.4 18777.2 20957.6
21873.5 0.154411 5612.01 7367.33 5348.1 4558.43 44777.8 18116.3 14403.4 18777.2 20957.6
21873.6 0.154411 5612.02 7367.34 5348.11 4558.45 44777.8 18116.3 14403.4 18777.2 20957.6
21873.4 0.15441 5612 7367.31 5348.09 4558.43 44777.8 18116.3 14403.4 18777.2 20957.6
21873.5 0.154411 5612.01 7367.33 5348.1 4558.44 44777.8 18116.3 14403.4 18777.2 20957.6
21873.5 0.154411 5612.01 7367.33 5348.1 4558.43 44777.8 18116.3 14403.4 18777.2 20957.6
21873.5 0.154411 5612.02 7367.34 5348.11 4558.44 44777.8 18116.3 14403.4 18777.2 20957.6
21873.5 0.15441 5612 7367.32 5348.1 4558.43 44777.8 18116.3 14403.4 18777.2 20957.6
21873.5 0.154411 5612.01 7367.33 5348.1 4558.44 44777.8 18116.3 14403.4 18777.2 20957.6
21873.5 0.154411 5612.01 7367.33 5348.1 4558.44 44777.8 18116.3 14403.4 18777.2 20957.6
21873.5 0.154411 5612.02 7367.33 5348.11 4558.44 44777.8 18116.3 14403.4 18777.2 20957.6
21873.5 0.15441 5612.01 7367.32 5348.1 4558.43 44777.8 18116.3 14403.4 18777.2 20957.6
21873.5 0.154411 5612.01 7367.33 5348.1 4558.44 44777.8 18116.3 14403.4 18777.2 20957.6
21873.5 0.154411 5612.01 7367.33 5348.1 4558.44 44777.8 18116.3 14403.4 18777.2 20957.6
21873.6 0.154411 5612.03 7367.36 5348.12 4558.45 44777.8 18116.3 14403.4 18777.2 20957.6
21873.4 0.15441 5611.99 7367.3 5348.08 4558.42 44777.8 18116.3 14403.4 18777.2 20957.6
21873.5 0.154411 5612.01 7367.33 5348.1 4558.44 44777.8 18116.3 14403.4 18777.2 20957.6
21873.5 0.154411 5612.01 7367.32 5348.1 4558.43 44777.8 18116.3 14403.4 18777.2 20957.6
21873.6 0.154411 5612.03 7367.35 5348.11 4558.45 44777.8 18116.3 14403.4 18777.2 20957.6
21873.4 0.15441 5612 7367.31 5348.09 4558.42 44777.8 18116.3 14403.4 18777.2 20957.6
21873.5 0.154411 5612.01 7367.33 5348.1 4558.44 44777.8 18116.3 14403.4 18777.2 20957.6
21873.5 0.154411 5612.01 7367.33 5348.1 4558.43 44777.8 18116.3 14403.4 18777.2 20957.6
21873.6 0.154411 5612.02 7367.35 5348.11 4558.45 44777.8 18116.3 14403.4 18777.2 20957.6
21873.4 0.15441 5612 7367.31 5348.09 4558.42 44777.8 18116.3 14403.4 18777.2 20957.6
21873.5 0.154411 5612.01 7367.33 5348.1 4558.44 44777.8 18116.3 14403.4 18777.2 20957.6
21873.5 0.154411 5612.01 7367.33 5348.1 4558.43 44777.8 18116.3 14403.4 18777.2 20957.6
21873.6 0.154411 5612.03 7367.35 5348.12 4558.45 44777.8 18116.3 14403.4 18777.2 20957.6
21873.4 0.15441 5611.99 7367.31 5348.08 4558.42 44777.8 18116.3 14403.4 18777.2 20957.6
21873.5 0.154411 5612.01 7367.33 5348.1 4558.44 44777.8 18116.3 14403.4 18777.2 20957.6
21873.5 0.154411 5612.01 7367.33 5348.1 4558.43 44777.8 18116.3 14403.4 18777.2 20957.6
21873.9 0.154413 5612.08 7367.42 5348.17 4558.49 44777.8 18116.3 14403.4 18777.2 20957.6
21873.1 0.154409 5611.94 7367.23 5348.03 4558.38 44777.8 18116.3 14403.4 18777.2 20957.6
21873.5 0.154411 5612.02 7367.34 5348.11 4558.44 44777.8 18116.3 14403.4 18777.2 20957.6
21873.5 0.15441 5612 7367.32 5348.09 4558.43 44777.8 18116.3 14403.4 18777.2 20957.6
21874.4 0.154416 5612.22 7367.6 5348.3 4558.6 44777.8 18116.3 14403.4 18777.2 20957.6
21872.6 0.154405 5611.81 7367.06 5347.9 4558.27 44777.8 18116.3 14403.4 18777.2 20957.6
21873.6 0.154411 5612.03 7367.35 5348.12 4558.45 44777.8 18116.3 14403.4 18777.2 20957.6
21873.4 0.15441 5611.99 7367.3 5348.08 4558.42 44777.8 18116.3 14403.4 18777.2 20957.6
21874.5 0.154419 5612.31 7367.72 5348.38 4558.68 44777.8 18116.3 14403.4 18777.2 20957.6
21872.4 0.154402 5611.71 7366.94 5347.82 4558.19 44777.8 18116.3 14403.4 18777.2 20957.6
21873.6 0.154411 5612.04 7367.37 5348.13 4558.46 44777.8 18116.3 14403.4 18777.2 20957.6
21873.4 0.15441 5611.98 7367.29 5348.07 4558.41 44777.8 18116.3 14403.4 18777.2 20957.6
21873.8 0.154414 5612.15 7367.51 5348.23 4558.54 44777.8 18116.3 14403.4 18777.2 20957.6
21873.1 0.154407 5611.88 7367.15 5347.97 4558.33 44777.8 18116.3 14403.4 18777.2 20957.6
21873.5 0.154411 5612.02 7367.35 5348.11 4558.45 44777.8 18116.3 14403.4 18777.2 20957.6
21873.5 0.15441 5612 7367.31 5348.09 4558.42 44777.8 18116.3 14403.4 18777.2 20957.6
21873.6 0.154412 5612.05 7367.39 5348.14 4558.47 44777.8 18116.3 14403.4 18777.2 20957.6
21873.4 0.15441 5611.97 7367.27 5348.06 4558.4 44777.8 18116.3 14403.4 18777.2 20957.6
21873.5 0.154411 5612.02 7367.33 5348.11 4558.44 44777.8 18116.3 14403.4 18777.2 20957.6
21873.5 0.154411 5612.01 7367.32 5348.1 4558.43 44777.8 18116.3 14403.4 18777.2 20957.6
21873.5 0.154411 5612.01 7367.33 5348.1 4558.44 44777.8 18116.3 14403.4 18777.2 20957.6
21873.5 0.154411 5612.01 7367.33 5348.1 4558.44 44777.8 18116.3 14403.4 18777.2 20957.6
21873.5 0.154411 5612.01 7367.33 5348.1 4558.44 44777.8 18116.3 14403.4 18777.2 20957.6
21873.5 0.154411 5612.01 7367.33 5348.1 4558.44 44777.8 18116.3 14403.4 18777.2 20957.6
21873.5 0.154411 5612.01 7367.33 5348.1 4558.44 44777.8 18116.3 14403.4 18777.2 20957.6
21873.5 0.154411 5612.01 7367.33 5348.1 4558.44 44777.8 18116.3 14403.4 18777.2 20957.6
21873.5 0.154411 5612.01 7367.33 5348.1 4558.44 44777.8 18116.3 14403.4 18777.2 20957.6
21873.5 0.154411 5612.01 7367.33 5348.1 4558.44 44777.8 18116.3 14403.4 18777.2 20957.6
21873.5 0.154411 5612.01 7367.33 5348.1 4558.44 44777.8 18116.3 14403.4 18777.2 20957.6
21873.5 0.154411 5612.01 7367.33 5348.1 4558.44 44777.8 18116.3 14403.4 18777.2 20957.6
21873.5 0.154411 5612.01 7367.33 5348.1 4558.44 44777.8 18116.3 14403.4 18777.2 20957.6
21873.5 0.154411 5612.01 7367.33 5348.1 4558.44 44777.8 18116.3 14403.4 18777.2 20957.6
21873.5 0.154411 5612.01 7367.33 5348.1 4558.44 44777.8 18116.3 14403.4 18777.2 20957.6
21873.5 0.154411 5612.01 7367.33 5348.1 4558.44 44777.8 18116.3 14403.4 18777.2 20957.6
21873.5 0.154411 5612.01 7367.33 5348.1 4558.44 44777.8 18116.3 14403.4 18777.2 20957.6
21873.5 0.154411 5612.01 7367.33 5348.1 4558.44 44777.8 18116.3 14403.4 18777.2 20957.6
21873.5 0.154411 5612.01 7367.33 5348.1 4558.44 44777.8 18116.3 14403.4 18777.2 20957.6
21873.5 0.154411 5612.01 7367.33 5348.1 4558.44 44777.8 18116.3 14403.4 18777.2 20957.6
21873.5 0.154411 5612.01 7367.33 5348.1 4558.44 44777.8 18116.3 14403.4 18777.2 20957.6
21873.5 0.154411 5612.01 7367.33 5348.1 4558.44 44777.8 18116.3 14403.4 18777.2 20957.6
21873.5 0.154411 5612.01 7367.33 5348.1 4558.44 44777.8 18116.3 14403.4 18777.2 20957.6
21873.5 0.154411 5612.01 7367.33 5348.1 4558.44 44777.8 18116.3 14403.4 18777.2 20957.6
21873.5 0.154411 5612.01 7367.33 5348.1 4558.44 44777.8 18116.3 14403.4 18777.2 20957.6
21873.5 0.154411 5612.01 7367.33 5348.1 4558.44 44777.8 18116.3 14403.4 18777.2 20957.6
21873.5 0.154411 5612.01 7367.33 5348.1 4558.44 44777.8 18116.3 14403.4 18777.2 20957.6
21873.5 0.154411 5612.01 7367.33 5348.1 4558.44 44777.8 18116.3 14403.4 18777.2 20957.6
21873.5 0.154411 5612.01 7367.33 5348.1 4558.44 44777.8 18116.3 14403.4 18777.2 20957.6
21873.5 0.154411 5612.01 7367.33 5348.1 4558.44 44777.8 18116.3 14403.4 18777.2 20957.6
21873.5 0.154411 5612.01 7367.33 5348.1 4558.44 44777.8 18116.3 14403.4 18777.2 20957.6
21873.5 0.154411 5612.01 7367.33 5348.1 4558.44 44777.8 18116.3 14403.4 18777.2 20957.6
21873.5 0.154411 5612.01 7367.33 5348.1 4558.44 44777.8 18116.3 14403.4 18777.2 20957.6
21873.5 0.154411 5612.01 7367.33 5348.1 4558.44 44777.8 18116.3 14403.4 18777.2 20957.6
21873.5 0.154411 5612.01 7367.33 5348.1 4558.44 44777.8 18116.3 14403.4 18777.2 20957.6
21873.5 0.154411 5612.01 7367.33 5348.1 4558.44 44777.8 18116.3 14403.4 18777.2 20957.6
21873.5 0.154411 5612.01 7367.33 5348.1 4558.44 44777.8 18116.3 14403.4 18777.2 20957.6
21873.5 0.154411 5612.01 7367.33 5348.1 4558.44 44777.8 18116.3 14403.4 18777.2 20957.6
21873.5 0.154411 5612.01 7367.33 5348.1 4558.44 44777.8 18116.3 14403.4 18777.2 20957.6
21873.5 0.154411 5612.01 7367.33 5348.1 4558.44 44777.8 18116.3 14403.4 18777.2 20957.6
21873.5 0.154411 5612.01 7367.33 5348.1 4558.44 44777.8 18116.3 14403.4 18777.2 20957.6
21873.5 0.154411 5612.01 7367.33 5348.1 4558.44 44777.8 18116.3 14403.4 18777.2 20957.6
21873.5 0.154411 5612.01 7367.33 5348.1 4558.44 44777.8 18116.3 14403.4 18777.2 20957.6
21873.5 0.154411 5612.01 7367.33 5348.1 4558.44 44777.8 18116.3 14403.4 18777.2 20957.6
21873.5 0.154411 5612.01 7367.33 5348.1 4558.44 44777.8 18116.3 14403.4 18777.2 20957.6
21873.5 0.154411 5612.01 7367.33 5348.1 4558.44 44777.8 18116.3 14403.4 18777.2 20957.6
21873.5 0.154411 5612.01 7367.33 5348.1 4558.44 44777.8 18116.3 14403.4 18777.2 20957.6
21873.5 0.154411 5612.01 7367.33 5348.1 4558.44 44777.8 18116.3 14403.4 18777.2 20957.6
21873.5 0.154411 5612.01 7367.33 5348.1 4558.44 44777.8 18116.3 14403.4 18777.2 20957.6
21873.5 0.154411 5612.01 7367.33 5348.1 4558.44 44777.8 18116.3 14403.4 18777.2 20957.6
21873.5 0.154411 5612.01 7367.33 5348.1 4558.44 44777.8 18116.3 14403.4 18777.2 20957.6
21873.5 0.154411 5612.01 7367.33 5348.1 4558.44 44777.8 18116.3 14403.4 18777.2 20957.6
21873.5 0.154411 5612.01 7367.33 5348.1 4558.44 44777.8 18116.3 14403.4 18777.2 20957.6
21873.5 0.154411 5612.01 7367.33 5348.1 4558.44 44777.8 18116.3 14403.4 18777.2 20957.6
21873.5 0.154411 5612.01 7367.33 5348.1 4558.44 44777.8 18116.3 14403.4 18777.2 20957.6
21873.5 0.154411 5612.01 7367.33 5348.1 4558.44 44777.8 18116.3 14403.4 18777.2 20957.6
21873.5 0.154411 5612.01 7367.33 5348.1 4558.44 44777.8 18116.3 14403.4 18777.2 20957.6
21873.5 0.154411 5612.01 7367.33 5348.1 4558.44 44777.8 18116.3 14403.4 18777.2 20957.6
21873.5 0.154411 5612.01 7367.33 5348.1 4558.44 44777.8 18116.3 14403.4 18777.2 20957.6
21873.5 0.154411 5612.01 7367.33 5348.1 4558.44 44777.8 18116.3 14403.4 18777.2 20957.6
21873.5 0.154411 5612.01 7367.33 5348.1 4558.44 44777.8 18116.3 14403.4 18777.2 20957.6
21873.5 0.154411 5612.01 7367.33 5348.1 4558.44 44777.8 18116.3 14403.4 18777.2 20957.6
21873.5 0.154411 5612.01 7367.33 5348.1 4558.44 44777.8 18116.3 14403.4 18777.2 20957.6
21873.5 0.154411 5612.01 7367.33 5348.1 4558.44 44777.8 18116.3 14403.4 18777.2 20957.6
21873.5 0.154411 5612.01 7367.33 5348.1 4558.44 44777.8 18116.3 14403.4 18777.2 20957.6
21873.5 0.154411 5612.01 7367.33 5348.1 4558.44 44777.8 18116.3 14403.4 18777.2 20957.6
21873.5 0.154411 5612.01 7367.33 5348.1 4558.44 44777.8 18116.3 14403.4 18777.2 20957.6
21873.5 0.154411 5612.01 7367.33 5348.1 4558.44 44777.8 18116.3 14403.4 18777.2 20957.6
21873.5 0.154411 5612.01 7367.33 5348.1 4558.44 44777.8 18116.3 14403.4 18777.2 20957.6
21873.5 0.154411 5612.01 7367.33 5348.1 4558.44 44777.8 18116.3 14403.4 18777.2 20957.6
21873.5 0.154411 5612.01 7367.33 5348.1 4558.44 44777.8 18116.3 14403.4 18777.2 20957.6
21873.5 0.154411 5612.01 7367.33 5348.1 4558.44 44777.8 18116.3 14403.4 18777.2 20957.6
21873.5 0.154411 5612.01 7367.33 5348.1 4558.44 44777.8 18116.3 14403.4 18777.2 20957.6
21873.5 0.154411 5612.01 7367.33 5348.1 4558.44 44777.8 18116.3 14403.4 18777.2 20957.6
21873.5 0.154411 5612.01 7367.33 5348.1 4558.44 44777.8 18116.3 14403.4 18777.2 20957.6
21873.5 0.154411 5612.01 7367.33 5348.1 4558.44 44777.8 18116.3 14403.4 18777.2 20957.6
21873.5 0.154411 5612.01 7367.33 5348.1 4558.44 44777.8 18116.3 14403.4 18777.2 20957.6
21873.5 0.154411 5612.01 7367.33 5348.1 4558.44 44777.8 18116.3 14403.4 18777.2 20957.6
21873.5 0.154411 5612.01 7367.33 5348.1 4558.44 44777.8 18116.3 14403.4 18777.2 20957.6
21873.5 0.154411 5612.01 7367.33 5348.1 4558.44 44777.8 18116.3 14403.4 18777.2 20957.6
21873.5 0.154411 5612.01 7367.33 5348.1 4558.44 44777.8 18116.3 14403.4 18777.2 20957.6
21873.5 0.154411 5612.01 7367.33 5348.1 4558.44 44777.8 18116.3 14403.4 18777.2 20957.6
21873.5 0.154411 5612.01 7367.33 5348.1 4558.44 44777.8 18116.3 14403.4 18777.2 20957.6
21873.5 0.154411 5612.01 7367.33 5348.1 4558.44 44777.8 18116.3 14403.4 18777.2 20957.6
21873.5 0.154411 5612.01 7367.33 5348.1 4558.44 44777.8 18116.3 14403.4 18777.2 20957.6
21873.5 0.154411 5612.01 7367.33 5348.1 4558.44 44777.8 18116.3 14403.4 18777.2 20957.6
21873.5 0.154411 5612.01 7367.33 5348.1 4558.44 44777.8 18116.3 14403.4 18777.2 20957.6
21873.5 0.154411 5612.01 7367.33 5348.1 4558.44 44777.8 18116.3 14403.4 18777.2 20957.6
21873.5 0.154411 5612.01 7367.33 5348.1 4558.44 44777.8 18116.3 14403.4 18777.2 20957.6
21873.5 0.154411 5612.01 7367.33 5348.1 4558.44 44777.8 18116.3 14403.4 18777.2 20957.6
21873.5 0.154411 5612.01 7367.33 5348.1 4558.44 44777.8 18116.3 14403.4 18777.2 20957.6
21873.5 0.154411 5612.01 7367.33 5348.1 4558.44 44777.8 18116.3 14403.4 18777.2 20957.6
21873.5 0.154411 5612.01 7367.33 5348.1 4558.44 44777.8 18116.3 14403.4 18777.2 20957.6
21873.5 0.154411 5612.01 7367.33 5348.1 4558.44 44777.8 18116.3 14403.4 18777.2 20957.6
21873.5 0.154411 5612.01 7367.33 5348.1 4558.44 44777.8 18116.3 14403.4 18777.2 20957.6
21873.5 0.154411 5612.01 7367.33 5348.1 4558.44 44777.8 18116.3 14403.4 18777.2 20957.6
21873.5 0.154411 5612.01 7367.33 5348.1 4558.44 44777.8 18116.3 14403.4 18777.2 20957.6
21873.5 0.154411 5612.01 7367.33 5348.1 4558.44 44777.8 18116.3 14403.4 18777.2 20957.6
21873.5 0.154411 5612.01 7367.33 5348.1 4558.44 44777.8 18116.3 14403.4 18777.2 20957.6
21873.5 0.154411 5612.01 7367.33 5348.1 4558.44 44777.8 18116.3 14403.4 18777.2 20957.6
21873.5 0.154411 5612.01 7367.33 5348.1 4558.44 44777.8 18116.3 14403.4 18777.2 20957.6
21873.5 0.154411 5612.01 7367.33 5348.1 4558.44 44777.8 18116.3 14403.4 18777.2 20957.6
21873.5 0.154411 5612.01 7367.33 5348.1 4558.44 44777.8 18116.3 14403.4 18777.2 20957.6
21873.5 0.154411 5612.01 7367.33 5348.1 4558.44 44777.8 18116.3 14403.4 18777.2 20957.6
21873.5 0.154411 5612.01 7367.33 5348.1 4558.44 44777.8 18116.3 14403.4 18777.2 20957.6
21873.5 0.154411 5612.01 7367.33 5348.1 4558.44 44777.8 18116.3 14403.4 18777.2 20957.6
21873.5 0.154411 5612.01 7367.33 5348.1 4558.44 44777.8 18116.3 14403.4 18777.2 20957.6
21873.5 0.154411 5612.01 7367.33 5348.1 4558.44 44777.8 18116.3 14403.4 18777.2 20957.6
21873.5 0.154411 5612.01 7367.33 5348.1 4558.44 44777.8 18116.3 14403.4 18777.2 20957.6
21873.5 0.154411 5612.01 7367.33 5348.1 4558.44 44777.8 18116.3 14403.4 18777.2 20957.6
21873.5 0.154411 5612.01 7367.33 5348.1 4558.44 44777.8 18116.3 14403.4 18777.2 20957.6
21873.5 0.154411 5612.01 7367.33 5348.1 4558.44 44777.8 18116.3 14403.4 18777.2 20957.6
21873.5 0.154411 5612.01 7367.33 5348.1 4558.44 44777.8 18116.3 14403.4 18777.2 20957.6
21873.5 0.154411 5612.01 7367.33 5348.1 4558.44 44777.8 18116.3 14403.4 18777.2 20957.6
21873.5 0.154411 5612.01 7367.33 5348.1 4558.44 44777.8 18116.3 14403.4 18777.2 20957.6
21873.5 0.154411 5612.01 7367.33 5348.1 4558.44 44777.8 18116.3 14403.4 18777.2 20957.6
21873.5 0.154411 5612.01 7367.33 5348.1 4558.44 44777.8 18116.3 14403.4 18777.2 20957.6
21873.5 0.154411 5612.01 7367.33 5348.1 4558.44 44777.8 18116.3 14403.4 18777.2 20957.6
21873.5 0.154411 5612.01 7367.33 5348.1 4558.44 44777.8 18116.3 14403.4 18777.2 20957.6
21873.5 0.154411 5612.01 7367.33 5348.1 4558.44 44777.8 18116.3 14403.4 18777.2 20957.6
21873.5 0.154411 5612.01 7367.33 5348.1 4558.44 44777.8 18116.3 14403.4 18777.2 20957.6
21873.5 0.154411 5612.01 7367.33 5348.1 4558.44 44777.8 18116.3 14403.4 18777.2 20957.6
21873.5 0.154411 5612.01 7367.33 5348.1 4558.44 44777.8 18116.3 14403.4 18777.2 20957.6
21873.5 0.154411 5612.01 7367.33 5348.1 4558.44 44777.8 18116.3 14403.4 18777.2 20957.6
21873.5 0.154411 5612.01 7367.33 5348.1 4558.44 44777.8 18116.3 14403.4 18777.2 20957.6
21873.5 0.154411 5612.01 7367.33 5348.1 4558.44 44777.8 18116.3 14403.4 18777.2 20957.6
21873.5 0.154411 5612.01 7367.33 5348.1 4558.44 44777.8 18116.3 14403.4 18777.2 20957.6
21873.5 0.154411 5612.01 7367.33 5348.1 4558.44 44777.8 18116.3 14403.4 18777.2 20957.6
21873.5 0.154411 5612.01 7367.33 5348.1 4558.44 44777.8 18116.3 14403.4 18777.2 20957.6
21873.5 0.154411 5612.01 7367.33 5348.1 4558.44 44777.8 18116.3 14403.4 18777.2 20957.6
21873.5 0.154411 5612.01 7367.33 5348.1 4558.44 44777.8 18116.3 14403.4 18777.2 20957.6
21873.5 0.154411 5612.01 7367.33 5348.1 4558.44 44777.8 18116.3 14403.4 18777.2 20957.6
21873.5 0.154411 5612.01 7367.33 5348.1 4558.44 44777.8 18116.3 14403.4 18777.2 20957.6
21873.5 0.154411 5612.01 7367.33 5348.1 4558.44 44777.8 18116.3 14403.4 18777.2 20957.6
21873.5 0.154411 5612.01 7367.33 5348.1 4558.44 44777.8 18116.3 14403.4 18777.2 20957.6
21873.5 0.154411 5612.01 7367.33 5348.1 4558.44 44777.8 18116.3 14403.4 18777.2 20957.6
21873.5 0.154411 5612.01 7367.33 5348.1 4558.44 44777.8 18116.3 14403.4 18777.2 20957.6
21873.5 0.154411 5612.01 7367.33 5348.1 4558.44 44777.8 18116.3 14403.4 18777.2 20957.6
21873.5 0.154411 5612.01 7367.33 5348.1 4558.44 44777.8 18116.3 14403.4 18777.2 20957.6
21873.5 0.154411 5612.01 7367.33 5348.1 4558.44 44777.8 18116.3 14403.4 18777.2 20957.6
21873.5 0.154411 5612.01 7367.33 5348.1 4558.44 44777.8 18116.3 14403.4 18777.2 20957.6
21873.5 0.154411 5612.01 7367.33 5348.1 4558.44 44777.8 18116.3 14403.4 18777.2 20957.6
21873.5 0.154411 5612.01 7367.33 5348.1 4558.44 44777.8 18116.3 14403.4 18777.2 20957.6
21873.5 0.154411 5612.01 7367.33 5348.1 4558.44 44777.8 18116.3 14403.4 18777.2 20957.6
21873.5 0.154411 5612.01 7367.33 5348.1 4558.44 44777.8 18116.3 14403.4 18777.2 20957.6
21873.5 0.154411 5612.01 7367.33 5348.1 4558.44 44777.8 18116.3 14403.4 18777.2 20957.6
21873.5 0.154411 5612.01 7367.33 5348.1 4558.44 44777.8 18116.3 14403.4 18777.2 20957.6
21873.5 0.154411 5612.01 7367.33 5348.1 4558.44 44777.8 18116.3 14403.4 18777.2 20957.6
21873.5 0.154411 5612.01 7367.33 5348.1 4558.44 44777.8 18116.3 14403.4 18777.2 20957.6
21873.5 0.154411 5612.01 7367.33 5348.1 4558.44 44777.8 18116.3 14403.4 18777.2 20957.6
21873.5 0.154411 5612.01 7367.33 5348.1 4558.44 44777.8 18116.3 14403.4 18777.2 20957.6
21873.5 0.154411 5612.01 7367.33 5348.1 4558.44 44777.8 18116.3 14403.4 18777.2 20957.6
21873.5 0.154411 5612.01 7367.33 5348.1 4558.44 44777.8 18116.3 14403.4 18777.2 20957.6
21873.5 0.154411 5612.01 7367.33 5348.1 4558.44 44777.8 18116.3 14403.4 18777.2 20957.6
21873.5 0.154411 5612.01 7367.33 5348.1 4558.44 44777.8 18116.3 14403.4 18777.2 20957.6
21873.5 0.154411 5612.01 7367.33 5348.1 4558.44 44777.8 18116.3 14403.4 18777.2 20957.6
21873.5 0.154411 5612.01 7367.33 5348.1 4558.44 44777.8 18116.3 14403.4 18777.2 20957.6
21873.5 0.154411 5612.01 7367.33 5348.1 4558.44 44777.8 18116.3 14403.4 18777.2 20957.6
21873.5 0.154411 5612.01 7367.33 5348.1 4558.44 44777.8 18116.3 14403.4 18777.2 20957.6
21873.5 0.154411 5612.01 7367.33 5348.1 4558.44 44777.8 18116.3 14403.4 18777.2 20957.6
21873.5 0.154411 5612.01 7367.33 5348.1 4558.44 44777.8 18116.3 14403.4 18777.2 20957.6
21873.5 0.154411 5612.01 7367.33 5348.1 4558.44 44777.8 18116.3 14403.4 18777.2 20957.6
21873.5 0.154411 5612.01 7367.33 5348.1 4558.44 44777.8 18116.3 14403.4 18777.2 20957.6
21873.5 0.154411 5612.01 7367.33 5348.1 4558.44 44777.8 18116.3 14403.4 18777.2 20957.6
21873.5 0.154411 5612.01 7367.33 5348.1 4558.44 44777.8 18116.3 14403.4 18777.2 20957.6
21873.5 0.154411 5612.01 7367.33 5348.1 4558.44 44777.8 18116.3 14403.4 18777.2 20957.6
21873.5 0.154411 5612.01 7367.33 5348.1 4558.43 44777.8 18116.3 14403.4 18777.2 20957.6
21873.5 0.154411 5612.01 7367.33 5348.1 4558.44 44777.8 18116.3 14403.4 18777.2 20957.6
21873.5 0.154411 5612.01 7367.33 5348.1 4558.44 44777.8 18116.3 14403.4 18777.2 20957.6
21873.5 0.154411 5612.01 7367.33 5348.1 4558.44 44777.8 18116.3 14403.4 18777.2 20957.6
21873.5 0.154411 5612.01 7367.33 5348.1 4558.43 44777.8 18116.3 14403.4 18777.2 20957.6
21873.5 0.154411 5612.01 7367.33 5348.1 4558.44 44777.8 18116.3 14403.4 18777.2 20957.6
21873.5 0.154411 5612.01 7367.33 5348.1 4558.44 44777.8 18116.3 14403.4 18777.2 20957.6
21873.5 0.154411 5612.01 7367.33 5348.1 4558.44 44777.8 18116.3 14403.4 18777.2 20957.6
21873.5 0.154411 5612.01 7367.32 5348.1 4558.43 44777.8 18116.3 14403.4 18777.2 20957.6
21873.5 0.154411 5612.01 7367.33 5348.1 4558.44 44777.8 18116.3 14403.4 18777.2 20957.6
21873.5 0.154411 5612.01 7367.33 5348.1 4558.44 44777.8 18116.3 14403.4 18777.2 20957.6
21873.5 0.154411 5612.01 7367.33 5348.1 4558.44 44777.8 18116.3 14403.4 18777.2 20957.6
21873.5 0.15441 5612.01 7367.32 5348.1 4558.43 44777.8 18116.3 14403.4 18777.2 20957.6
21873.5 0.154411 5612.02 7367.33 5348.11 4558.44 44777.8 18116.3 14403.4 18777.2 20957.6
21873.5 0.154411 5612.01 7367.33 5348.1 4558.44 44777.8 18116.3 14403.4 18777.2 20957.6
21873.5 0.154411 5612.01 7367.33 5348.1 4558.44 44777.8 18116.3 14403.4 18777.2 20957.6
21873.4 0.15441 5612 7367.31 5348.09 4558.43 44777.8 18116.3 14403.4 18777.2 20957.6
21873.5 0.154411 5612.02 7367.34 5348.11 4558.44 44777.8 18116.3 14403.4 18777.2 20957.6
21873.5 0.154411 5612.01 7367.33 5348.1 4558.43 44777.8 18116.3 14403.4 18777.2 20957.6
21873.5 0.154411 5612.01 7367.33 5348.1 4558.44 44777.8 18116.3 14403.4 18777.2 20957.6
21873.4 0.15441 5612 7367.31 5348.09 4558.42 44777.8 18116.3 14403.4 18777.2 20957.6
21873.6 0.154411 5612.03 7367.35 5348.12 4558.45 44777.8 18116.3 14403.4 18777.2 20957.6
21873.5 0.154411 5612.01 7367.33 5348.1 4558.43 44777.8 18116.3 14403.4 18777.2 20957.6
21873.5 0.154411 5612.01 7367.33 5348.1 4558.44 44777.8 18116.3 14403.4 18777.2 20957.6
21873.4 0.15441 5611.99 7367.3 5348.08 4558.42 44777.8 18116.3 14403.4 18777.2 20957.6
21873.6 0.154411 5612.03 7367.36 5348.12 4558.45 44777.8 18116.3 14403.4 18777.2 20957.6
21873.5 0.154411 5612.01 7367.32 5348.1 4558.43 44777.8 18116.3 14403.4 18777.2 20957.6
21873.5 0.154411 5612.01 7367.33 5348.1 4558.44 44777.8 18116.3 14403.4 18777.2 20957.6
21873.3 0.15441 5611.98 7367.28 5348.07 4558.41 44777.8 18116.3 14403.4 18777.2 20957.6
21873.7 0.154412 5612.05 7367.37 5348.14 4558.46 44777.8 18116.3 14403.4 18777.2 20957.6
21873.5 0.154411 5612.01 7367.32 5348.1 4558.43 44777.8 18116.3 14403.4 18777.2 20957.6
21873.5 0.154411 5612.01 7367.33 5348.1 4558.44 44777.8 18116.3 14403.4 18777.2 20957.6
21873.1 0.154409 5611.94 7367.23 5348.03 4558.37 44777.8 18116.3 14403.4 18777.2 20957.6
21873.9 0.154413 5612.09 7367.42 5348.17 4558.5 44777.8 18116.3 14403.4 18777.2 20957.6
21873.5 0.15441 5612 7367.32 5348.09 4558.43 44777.8 18116.3 14403.4 18777.2 20957.6
21873.5 0.154411 5612.02 7367.34 5348.11 4558.44 44777.8 18116.3 14403.4 18777.2 20957.6
21873.2 0.154406 5611.86 7367.13 5347.96 4558.31 44777.8 18116.3 14403.4 18777.2 20957.6
21873.8 0.154415 5612.16 7367.52 5348.24 4558.56 44777.8 18116.3 14403.4 18777.2 20957.6
21873.5 0.15441 5612 7367.31 5348.09 4558.42 44777.8 18116.3 14403.4 18777.2 20957.6
21873.5 0.154411 5612.03 7367.35 5348.12 4558.45 44777.8 18116.3 14403.4 18777.2 20957.6
21873.7 0.154411 5612.01 7367.33 5348.1 4558.44 44777.8 18116.3 14403.4 18777.2 20957.6
21873.3 0.154411 5612.01 7367.33 5348.1 4558.44 44777.8 18116.3 14403.4 18777.2 20957.6
21873.5 0.154411 5612.01 7367.33 5348.1 4558.44 44777.8 18116.3 14403.4 18777.2 20957.6
21873.5 0.154411 5612.01 7367.33 5348.1 4558.44 44777.8 18116.3 14403.4 18777.2 20957.6
21873.5 0.154411 5612.01 7367.33 5348.1 4558.44 44777.8 18116.3 14403.4 18777.2 20957.6
21873.5 0.154411 5612.01 7367.33 5348.1 4558.44 44777.8 18116.3 14403.4 18777.2 20957.6
21873.5 0.154411 5612.01 7367.33 5348.1 4558.44 44777.8 18116.3 14403.4 18777.2 20957.6
21873.5 0.154411 5612.01 7367.33 5348.1 4558.44 44777.8 18116.3 14403.4 18777.2 20957.6
21873.7 0.154411 5612.01 7367.33 5348.1 4558.44 44777.8 18116.3 14403.4 18777.2 20957.6
21873.3 0.154411 5612.01 7367.33 5348.1 4558.44 44777.8 18116.3 14403.4 18777.2 20957.6
21873.5 0.154411 5612.01 7367.33 5348.1 4558.44 44777.8 18116.3 14403.4 18777.2 20957.6
21873.5 0.154411 5612.01 7367.33 5348.1 4558.44 44777.8 18116.3 14403.4 18777.2 20957.6
21873.5 0.154411 5612.01 7367.33 5348.1 4558.44 44777.8 18116.3 14403.4 18777.2 20957.6
21873.5 0.154411 5612.01 7367.33 5348.1 4558.44 44777.8 18116.3 14403.4 18777.2 20957.6
21873.5 0.154411 5612.01 7367.33 5348.1 4558.44 44777.8 18116.3 14403.4 18777.2 20957.6
21873.5 0.154411 5612.01 7367.33 5348.1 4558.44 44777.8 18116.3 14403.4 18777.2 20957.6
21873.5 0.154411 5612.01 7367.33 5348.1 4558.44 44777.8 18116.3 14403.4 18777.3 20957.6
21873.5 0.154411 5612.01 7367.32 5348.1 4558.43 44777.7 18116.3 14403.4 18777.2 20957.5
21873.5 0.154411 5612.01 7367.33 5348.1 4558.44 44777.8 18116.3 14403.4 18777.2 20957.6
21873.5 0.154411 5612.01 7367.33 5348.1 4558.44 44777.8 18116.3 14403.4 18777.2 20957.6
21873.5 0.154411 5612.01 7367.33 5348.1 4558.44 44777.8 18116.3 14403.4 18777.2 20957.6
21873.5 0.154411 5612.01 7367.33 5348.1 4558.44 44777.8 18116.3 14403.4 18777.2 20957.6
21873.5 0.154411 5612.01 7367.33 5348.1 4558.44 44777.8 18116.3 14403.4 18777.2 20957.6
21873.5 0.154411 5612.01 7367.33 5348.1 4558.44 44777.8 18116.3 14403.4 18777.2 20957.6
21873.5 0.154411 5612.01 7367.33 5348.1 4558.44 44777.8 18116.3 14403.4 18777.2 20957.6
