# Number of parameters = 246  Objective function value = 5914.44  Maximum gradient component = 0.00679736
# log_L50m:
 3.20075
# log_sigma1m:
 0.674758
# log_sigma2m:
 4.60469
# log_L50h:
 3.31511
# log_sigma1h:
 1.07861
# log_sigma2h:
 4.60530
# log_Ro:
7.26099697102
# log_pRm:
-0.693140000000
# dev_log_Ro:
 0.00149418486838 0.00214786772189 0.00304796181439 0.00435210413752 0.00620606522121 0.00893120190292 0.0127900859632 0.0183834191411 0.0264054557292 0.0378529895240 0.0532011116736 0.0743300983019 0.103651729037 0.145715905200 0.205759145799 0.295730655004 0.420365726257 0.637543628596 0.762983932522 0.621780259789 0.389749026634 0.188572611048 0.845459620490 0.614801666241 0.761487152949 0.0192247419997 -0.112749359447 0.634282548393 0.470539373088 0.238740098776 -1.06052316199 -1.02305293666 -0.649440528374 0.362861255309 -0.265782147413 -0.592543807309 -1.17524941223 -0.801428244608 -0.628509909328 -0.685026634698 -0.424452548786 -0.0966300576925 -0.184253547928 -0.161385291547 -0.141028431100 -0.0605347201697 0.278395926390 0.233327801626 -0.172372772100 -0.636392225943 -1.09065613395 -1.58734223522 -0.714558055356 0.222235586417 0.0725843916064 -0.201446089907 0.398008810747 0.527316198486 0.300271028367 0.611127166467 0.524472474731 0.372278323535 0.256994762383 0.426755384716 0.649069499219 0.0879752307330 -0.297264427840 0.0235944204743 0.199486164568 -0.348922468139 -0.0408220496362 3.81153051242e-005 4.42884752238e-005
# dev_log_Nom:
 0.000182956573621 0.000127523231154 8.86410027245e-005 6.25006717936e-005 4.42949717989e-005 7.05370623422e-005
# dev_log_Noh:
 0.000838429657923 0.000583515380923 0.000404648467180 0.000283994462560 0.000200074135016 0.000327413100635
# log_Fm:
 -6.30378138048 -6.40484070938 -5.95884173449 -6.87925163076 -6.95988640522 -7.26175766821 -7.67754756475 -7.36668124488 -7.20531789943 -5.85200962396 -6.23603284312 -5.72867696677 -5.61774940430 -4.53470894536 -3.89779709483 -2.57755539322 -2.70610531930 -2.08763047664 -2.25514121645 -1.79854302661 -1.85019214289 -1.12235747589 -1.22980035172 -1.10025149181 -1.16715596352 -1.07727041232 -1.01536731596 -1.20148780614 -1.07998439514 -0.977396977995 -0.750692828021 -0.916381699103 -0.780392267512 -0.200000003686 -0.764828216936 -0.924193441083 -1.03486123790 -1.17034508980 -0.547307652891 -1.52605797447 -2.15020845242 -1.73412823080 -1.39741521370 -1.22381942572 -1.13606986992 -0.871036871795 -0.779723010821 -0.697061586626 -0.771206620606 -0.457844577263 -0.364617612389 -0.301024859125 -0.305443417645 -0.200000004753 -0.200000001160 -1.28976928081 -1.61621406335 -2.31962198487 -2.39759487544 -2.63451930980 -2.46152770053 -2.26645505735 -2.36845061688 -2.53488968850 -2.61829696471 -2.40349302356 -2.40488644773 -2.70038177757 -2.63562482177 -2.58233573419 -2.40802668987 -2.31244011610 -2.38136542093
# log_Fh:
 -5.91314192767 -6.01858822994 -5.57529332872 -6.49752632382 -6.57955753146 -6.88241744085 -7.29894845197 -6.98857165324 -6.82744645404 -5.47381981600 -5.85730942700 -5.34935352634 -5.23751436391 -4.15222754131 -3.51039208115 -2.17410336132 -2.28160914984 -1.63812260283 -1.77961382636 -1.29780165910 -1.32083436272 -0.563065689750 -0.637812812512 -0.489169770394 -0.512580310271 -0.375991562693 -0.383291347672 -0.631904287268 -0.629981637950 -0.544548382500 -0.329727729595 -0.581631587050 -0.503929227539 -0.200000001987 -0.503426378711 -0.560800006380 -0.425661728875 -0.708396103277 -0.200000016091 -0.657101207400 -0.961390068340 -0.958264062473 -0.643323809114 -0.527366465185 -0.456032001525 -0.258777625861 -0.200001039647 -0.200000046905 -0.292606732293 -0.200000019754 -0.200000006506 -0.224765507237 -0.200000002606 -0.200000005117 -0.200000000696 -0.610599555550 -1.07734547257 -1.81549616815 -1.77523575065 -1.98550260253 -1.82906474628 -1.81076789434 -1.88593388824 -2.03216624666 -2.10290252266 -2.02615015200 -2.14414399393 -2.31719750223 -2.23611754896 -2.11872622085 -1.85174246882 -1.89655352061 -1.72534725175
# log_qflo:
 -10.9369980382
# log_qcru:
 -0.418059658707
# log_Lom:
2.50959926238
# log_cv_edadm:
-2.62862718644
# log_Loh:
2.41591377830
# log_cv_edadh:
-2.65870742469
# log_Mh:
-1.02165124753
# log_Mm:
-1.02165124753
# log_Fref:
 -0.626959321483 -1.03402072307 -1.22418681343 -1.33661822033
