# Number of parameters = 254  Objective function value = 6384.26  Maximum gradient component = 0.00873335
# log_L50m:
 3.24732
# log_sigma1m:
 0.774100
# log_sigma2m:
 4.60494
# log_L50h:
 3.42360
# log_sigma1h:
 1.26965
# log_sigma2h:
 4.60514
# log_Ro:
7.04112079787
# log_pRm:
-0.693140000000
# dev_log_Ro:
 0.00171358680833 0.00243529280111 0.00346962101957 0.00494445228586 0.00707492705016 0.0101348338507 0.0145104803620 0.0209197793460 0.0300928957821 0.0431061004064 0.0601405564972 0.0838937243412 0.116150092751 0.161524949864 0.223800841323 0.310753026310 0.405047830535 0.491525862790 0.543511399672 0.757172495200 0.770846574992 0.125947224829 0.855913812788 0.492983823559 0.951336342291 0.276419631016 0.0428571097064 0.746524572704 0.606742566160 0.454191924880 -0.804107829265 -0.866625946415 -0.494572150549 0.479555868141 -0.0329343443627 -0.570160280973 -1.17272360648 -0.837522344228 -0.586782002212 -0.493828762254 -0.449670514252 -0.00420604045798 0.102204119294 -0.0918166797265 -0.0276015982219 0.0602679456235 0.369730136370 0.456119756597 0.0350303306509 -0.222014750463 -1.08831503307 -1.23640827272 -0.291220165502 0.0611913738163 -0.549913503374 -0.598810145966 0.0572227132456 0.150235141405 -0.0541985593613 0.263626502021 0.227581631869 0.0642014203374 -0.138211567967 0.135303759504 0.327113436687 -0.263557175209 -0.521755309028 -0.294388006459 0.103130606880 0.293644680007 0.176325938791 0.0344344319033 -0.301072777492 -0.0202712327065 3.44429306382e-005 4.80307162690e-005
# dev_log_Nom:
 -8.90621349932e-005 -5.87878286424e-005 -3.66963629936e-005 -3.05764609472e-005 -1.90442425829e-005 -3.00075265756e-005
# dev_log_Noh:
 0.00122623551772 0.000852689901787 0.000588911715255 0.000428972028283 0.000299987831946 0.000507247045034
# log_Fm:
 -6.04837053383 -6.15249843332 -5.70821163913 -6.62975261673 -6.71140599082 -7.01404284885 -7.43042695727 -7.12000693854 -6.95896214252 -5.60566620518 -5.98966744800 -5.48240776814 -5.37158321775 -4.28796001048 -3.64894563967 -2.31872252552 -2.43510237210 -1.79952774653 -1.94946390825 -1.46406435918 -1.46171040006 -0.579505268865 -0.516201871365 -0.349918425949 -0.477744627650 -0.333765557587 -0.215006580956 -0.346381003959 -0.300857712755 -0.189742795272 0.136970988375 -0.116724989685 -0.0840540028963 0.502406621010 0.362088631732 0.309448617568 -0.0689839877853 -0.516869161242 0.0858197621882 -0.777790889539 -1.43659209954 -1.06918999561 -0.774138513731 -0.613056298083 -0.497173819245 -0.272973852946 -0.246351278630 -0.151313306880 -0.208941873454 0.0969770273523 0.100591013602 0.161310007019 -0.101478631182 0.283785807735 0.433359209232 -0.627538824456 -1.21596512430 -1.86722319697 -1.82586843331 -1.95354408655 -1.70308300807 -1.47395499825 -1.53899170321 -1.70233538049 -1.80650857120 -1.58829076813 -1.55844637129 -1.85486112603 -1.83190071621 -1.78209113390 -1.59971618799 -1.49271673203 -1.58315784526 -1.32285348428 -1.28146354047 -1.40394453968
# log_Fh:
 -5.50949425882 -5.62595200988 -5.18929811978 -6.11594888846 -6.20124238568 -6.50637258468 -6.92455073191 -6.61531527358 -6.45490502574 -5.10122356478 -5.48435555801 -4.97602553231 -4.86352144074 -3.77598331014 -3.12851803291 -1.77148167606 -1.85031802917 -1.16970392808 -1.26986981258 -0.738074491089 -0.685054123245 0.280463589499 0.492525805640 0.663440857763 0.497576662262 0.776632225851 0.863921789455 0.654998618896 0.451162269746 0.436585517652 0.806272023337 0.461481736029 0.419852407772 0.849088743940 0.765884965134 1.03659189412 0.988985252595 0.287563149099 0.662026534618 0.301523822592 0.0910807404931 0.147570811625 0.438974102739 0.526238730839 0.659847315096 0.804046918935 0.750481268243 0.807775420327 0.758914955003 0.944318350329 1.02286409421 0.860390541163 1.09623326183 0.847014547080 1.18413639918 0.638253512757 -0.183001671790 -0.987746713675 -0.912714137391 -0.983238510642 -0.700759972063 -0.650381915695 -0.697500388607 -0.824175932363 -0.941358437646 -0.893218485783 -0.993509621203 -1.16146638228 -1.13457300953 -1.04924871145 -0.715673407351 -0.645448422919 -0.391985398781 -0.331609149299 -0.689388243631 -0.587545527070
# log_qflo:
 -3.03976885513
# log_qcru:
 0.0992269169535 0.594084858717
# log_Lom:
2.50959926238
# log_cv_edadm:
-2.65330870051
# log_Loh:
2.41591377830
# log_cv_edadh:
-2.62823868207
# log_Mh:
-1.02165124753
# log_Mm:
-1.02165124753
# log_Fref:
 -13.6507152959 -0.933666777892
